20
143
185 190 200 180 200 190 200 180 200 190 180 190 200 180 185 180 195 190 195 190
9 22 10 24 25 6 22 1 19 19 5 9 8 14 4 7 10 22 17 10 8 14 12 17 19 25 25 6 21 3 19 16 21 17 19 6 10 22 17 16 5 1 21 20 6 1 11 22 25 18 9 23 17 4 1 14 11 7 21 3 18 5 6 22 13 17 5 7 1 3 10 5 1 17 14 4 10 25 11 16 25 20 3 7 2 6 14 14 2 15 22 4 22 19 5 10 4 7 11 14 2 12 12 24 8 4 25 6 9 23 15 7 6 5 12 3 22 18 16 5 1 8 20 17 11 8 15 16 6 24 10 4 10 17 5 14 16 11 25 4 12 19 6
0 83 20 85 50 85 127 103 129 56 29 61 9 30 66 92 16 93 80 77 97 88 73 80 96 6 46 49 125 171 63 86 118 133 39 183 73 70 13 53 61 56 81 62 22 76 127 88 194 84 75 45 129 137 159 106 201 84 135 105 154 12 69 97 114 108 137 91 62 86 15 108 34 94 92 172 133 42 89 22 82 134 112 75 160 92 27 40 144 124 21 76 129 83 4 96 96 170 63 124 113 85 77 80 106 80 28 59 26 34 149 65 89 53 110 188 87 43 48 133 33 77 94 69 119 117 40 99 29 66 116 8 25 119 91 103 98 89 7 139 87 86 67 60 
83 0 91 144 79 142 44 172 59 127 76 131 90 101 61 81 87 89 150 61 67 96 35 151 107 77 103 69 72 88 68 30 97 203 69 253 143 47 80 136 59 39 79 32 93 122 57 11 150 154 133 128 58 130 183 177 271 106 79 37 225 83 70 14 84 55 207 113 145 155 71 178 105 164 153 95 50 112 159 93 36 70 181 49 230 70 98 123 75 43 92 67 94 14 80 45 14 147 32 194 183 14 83 80 175 54 88 120 90 117 218 135 25 103 180 108 157 42 131 114 113 36 92 15 189 119 111 96 100 30 47 91 96 38 161 35 15 43 90 71 157 16 60 79 
20 91 0 93 58 93 135 89 149 36 37 41 29 10 74 100 17 101 60 97 105 96 81 66 104 14 66 57 133 179 83 94 126 113 47 163 73 90 21 45 69 76 89 82 24 84 147 96 202 64 82 37 137 145 166 89 181 92 143 125 135 17 77 105 122 116 125 99 54 68 23 88 15 74 99 180 141 45 69 3 90 142 94 83 143 100 28 32 164 132 24 84 137 91 21 104 104 178 71 104 93 93 97 88 86 88 36 66 33 46 129 46 109 73 90 196 88 63 41 141 22 85 102 85 102 125 21 107 20 74 136 18 16 127 74 123 106 97 13 159 68 106 75 67 
85 144 93 0 64 1 113 28 203 94 68 69 92 92 82 62 75 53 49 151 75 46 107 26 35 78 121 73 71 133 136 112 46 59 74 109 19 143 71 138 83 130 63 136 68 20 201 131 110 101 10 130 85 53 74 33 127 35 64 179 81 75 70 147 57 87 63 28 147 32 73 87 85 77 11 89 161 46 40 89 105 73 39 92 87 71 64 125 218 101 67 74 49 127 81 96 134 86 110 72 41 127 150 61 34 86 56 25 58 118 75 72 162 128 38 105 15 115 133 49 113 105 49 136 46 33 105 45 72 112 189 93 75 127 24 176 154 97 91 212 71 157 80 61 
50 79 58 64 0 62 77 92 138 59 20 52 57 57 18 41 40 42 71 88 47 38 43 71 45 43 70 10 75 121 73 49 67 123 10 173 63 80 36 103 19 66 32 72 33 43 136 68 144 75 54 95 79 88 109 97 191 35 85 115 145 40 20 84 64 58 127 41 112 76 33 99 50 85 75 122 98 34 80 54 43 84 103 29 151 42 30 90 154 74 32 27 79 65 45 47 71 120 47 115 104 64 87 31 96 31 21 42 23 83 139 57 99 70 101 138 78 52 98 84 79 42 45 73 110 67 71 50 37 49 126 58 40 71 82 113 91 41 56 149 79 94 18 11 
85 142 93 1 62 0 112 29 200 93 66 69 92 92 80 60 75 52 49 150 73 45 105 26 34 78 119 72 70 132 135 110 45 60 72 110 18 141 71 138 81 128 62 134 67 19 198 129 110 101 9 130 84 53 74 34 128 34 63 177 82 75 69 145 56 85 64 27 147 31 72 86 84 76 12 89 159 46 39 89 104 72 40 91 88 70 63 124 216 100 67 73 48 126 80 95 133 86 109 71 42 126 149 60 35 85 55 24 57 118 76 71 161 126 39 105 16 114 133 49 112 104 48 134 47 33 104 44 71 111 187 92 74 126 24 175 152 96 91 211 70 156 79 60 
127 44 135 113 77 112 0 141 90 136 97 112 134 134 61 50 117 58 120 105 37 65 53 120 76 120 147 77 41 44 112 40 66 172 86 222 112 91 112 180 65 83 49 76 110 91 88 39 119 145 102 172 27 99 152 146 240 75 48 71 194 116 57 36 54 25 176 83 189 125 110 149 127 135 123 63 48 90 128 130 44 39 151 51 200 40 107 166 106 10 109 50 63 42 122 30 30 117 61 163 152 40 126 51 145 46 98 91 100 160 188 117 69 146 149 75 127 84 175 84 155 48 61 57 159 89 147 66 114 58 78 134 117 16 131 67 43 36 133 101 129 49 59 66 
103 172 89 28 92 29 141 0 229 90 95 65 112 88 109 89 85 81 46 179 102 74 134 23 63 95 148 101 99 161 164 139 74 31 101 81 29 170 92 134 110 157 91 163 79 48 227 158 113 98 38 126 113 57 77 5 99 63 92 206 53 89 98 174 85 114 36 56 143 29 101 84 82 74 17 93 188 59 37 86 133 101 11 120 59 99 74 121 245 129 79 102 77 155 102 124 162 90 138 69 27 155 178 89 23 114 84 50 82 129 47 69 190 155 18 109 14 143 130 57 110 133 77 163 18 51 102 73 72 140 216 102 76 155 21 204 181 125 97 240 68 185 108 89 
129 59 149 203 138 200 90 229 0 185 135 190 120 159 120 140 145 148 209 80 126 155 94 209 166 135 122 128 131 69 87 89 156 260 128 310 201 66 139 157 118 72 138 66 151 181 30 70 209 213 192 165 117 189 242 234 328 165 138 46 282 141 129 53 143 114 264 172 165 214 129 237 163 223 212 153 41 171 218 151 95 129 240 108 288 129 156 168 21 100 150 126 153 72 128 104 66 206 90 253 242 73 102 139 234 113 147 179 149 136 276 194 44 122 239 165 216 85 151 173 162 95 151 65 247 178 169 155 158 88 13 130 154 73 220 41 46 102 135 21 216 43 119 138 
56 127 36 94 59 93 136 90 185 0 50 24 65 26 75 100 38 101 43 133 106 97 91 66 104 48 102 59 134 180 118 97 126 78 57 128 73 125 45 45 71 111 91 117 33 84 182 115 203 28 82 36 138 146 166 87 146 94 144 160 100 42 79 131 123 117 125 99 71 60 54 52 21 38 99 181 145 46 51 33 93 143 78 85 132 101 29 32 199 133 33 86 138 112 55 106 119 179 94 68 63 112 132 90 66 90 38 67 36 82 94 19 144 109 71 197 88 97 76 142 23 90 104 119 87 125 15 109 25 96 171 54 29 130 68 158 138 100 49 194 33 140 77 70 
29 76 37 68 20 66 97 95 135 50 0 55 36 36 36 61 20 62 74 83 67 58 44 75 65 22 53 19 95 141 69 57 87 126 10 176 68 75 16 82 31 62 51 68 17 47 133 65 164 78 58 74 99 107 129 100 194 55 105 111 148 20 39 81 84 78 130 61 91 81 13 102 30 88 78 142 104 37 83 34 53 104 106 45 154 62 22 69 150 94 17 46 99 62 25 66 69 140 44 118 107 62 84 50 100 50 12 46 14 62 142 60 95 60 104 158 82 49 77 103 59 49 64 70 113 87 50 69 25 46 122 37 21 90 87 109 88 60 36 145 82 92 37 30 
61 131 41 69 52 69 112 65 190 24 55 0 70 31 70 76 44 77 19 138 82 72 95 42 80 54 107 62 110 156 124 101 102 72 62 122 49 130 51 69 71 117 66 123 38 60 188 120 178 32 58 60 114 122 142 63 140 69 120 166 94 48 60 136 99 93 101 75 79 36 60 47 26 32 75 157 150 22 28 38 95 119 54 81 108 77 33 56 205 109 38 64 114 117 61 86 123 155 99 63 52 116 138 66 45 76 43 43 41 87 88 5 150 114 49 173 64 103 81 118 46 94 80 125 63 101 38 85 30 101 177 59 34 117 44 164 143 87 54 200 27 146 70 51 
9 90 29 92 57 92 134 112 120 65 36 70 0 39 72 97 25 98 89 68 103 94 80 89 101 15 37 55 131 177 54 93 123 142 46 192 82 61 20 47 67 51 87 57 31 83 118 94 200 93 82 46 135 143 165 115 210 91 141 97 163 21 75 104 120 114 146 97 56 95 23 117 43 102 99 178 140 51 98 31 89 140 121 81 169 98 36 48 136 130 30 82 135 90 11 102 103 176 71 133 122 93 68 86 115 86 35 66 33 27 158 74 82 44 119 194 96 48 42 139 42 85 100 74 128 123 49 105 38 74 109 11 34 126 100 96 104 96 16 132 96 85 73 66 
30 101 10 92 57 92 134 88 159 26 36 31 39 0 72 97 16 98 50 107 103 94 80 65 101 23 76 55 131 177 93 93 123 103 46 153 72 100 20 46 67 86 87 92 23 83 157 95 200 54 81 38 135 143 165 86 171 91 141 135 125 17 75 106 120 114 124 97 56 59 29 78 6 63 98 178 140 44 59 8 89 140 84 81 133 98 26 33 174 130 23 82 135 91 30 102 104 176 71 94 83 93 107 86 76 86 35 65 32 56 119 36 119 83 80 194 87 72 50 139 22 85 100 94 92 123 14 105 18 74 146 28 15 126 67 133 113 96 23 169 58 115 73 66 
66 61 74 82 18 80 61 109 120 75 36 70 72 72 0 25 56 28 89 69 30 35 25 89 46 58 86 16 58 104 55 30 51 140 25 190 81 61 51 118 4 48 18 54 49 61 118 49 127 93 72 110 63 72 122 114 208 45 68 97 162 55 10 65 47 42 144 53 127 94 49 117 66 102 92 105 79 51 98 69 24 67 120 11 168 26 46 105 136 58 48 11 62 46 61 31 53 104 29 133 122 46 70 20 114 15 37 60 39 98 156 75 81 85 119 121 96 35 113 68 94 24 31 54 127 59 86 36 53 31 107 73 56 55 100 95 72 25 72 131 97 76 2 19 
92 81 100 62 41 60 50 89 140 100 61 76 97 97 25 0 81 8 70 89 13 15 45 70 26 83 111 41 34 80 77 50 26 120 50 170 62 81 76 143 29 67 9 73 74 41 138 69 103 108 52 135 38 50 102 94 188 25 44 116 142 80 21 85 23 25 124 33 152 75 74 99 91 86 72 81 98 53 78 94 44 43 100 30 148 10 71 130 155 40 73 14 38 66 86 35 73 79 48 113 102 66 92 10 95 25 62 41 64 123 136 80 100 110 99 97 76 55 138 43 119 43 11 74 107 39 111 16 78 50 127 98 81 66 81 114 92 36 97 150 81 96 23 30 
16 87 17 75 40 75 117 85 145 38 20 44 25 16 56 81 0 82 63 93 86 78 64 63 85 10 62 39 114 160 79 77 107 116 30 166 56 86 7 62 51 72 71 78 7 66 143 78 183 66 65 54 119 127 149 89 184 75 124 121 137 4 59 93 103 98 120 81 71 69 16 90 18 76 82 161 124 28 72 14 73 123 95 65 143 82 11 49 160 114 7 66 118 75 17 86 87 160 56 106 96 78 93 70 89 70 19 49 16 44 132 49 105 69 93 177 71 59 58 123 38 69 84 81 102 107 30 89 13 59 132 18 9 110 75 119 100 80 16 155 71 102 57 50 
93 89 101 53 42 52 58 81 148 101 62 77 98 98 28 8 82 0 62 97 21 7 53 61 17 84 112 42 32 80 83 58 25 112 51 162 53 89 77 144 30 75 10 81 75 32 146 77 102 109 43 136 38 45 93 86 180 17 42 124 134 81 22 93 22 33 116 24 153 66 75 96 92 87 64 79 106 54 70 95 52 41 92 38 140 18 72 131 163 48 74 21 37 74 87 43 81 78 56 105 94 74 98 11 86 33 63 33 65 124 128 81 108 111 91 95 68 62 139 41 120 51 3 82 99 31 112 8 79 58 135 99 82 74 72 122 100 44 98 158 81 104 28 31 
80 150 60 49 71 49 120 46 209 43 74 19 89 50 89 70 63 62 0 156 83 55 114 23 61 73 125 81 91 142 142 119 83 52 81 102 30 149 70 88 90 135 72 141 57 41 206 138 159 51 39 79 96 102 123 43 120 51 101 184 74 67 79 154 80 95 81 56 98 17 79 38 45 28 56 138 168 38 9 57 113 100 35 100 89 80 52 75 223 110 57 83 95 135 80 105 142 135 118 44 33 135 156 70 26 95 62 29 60 106 68 24 168 132 30 154 45 122 100 98 65 113 62 143 44 82 57 67 49 120 195 78 53 136 25 182 161 106 73 218 23 165 89 70 
77 61 97 151 88 150 105 179 80 133 83 138 68 107 69 89 93 97 156 0 76 104 51 156 114 83 42 77 103 149 14 64 106 208 77 258 149 14 88 89 68 22 87 28 99 129 50 65 173 159 140 113 107 139 190 182 276 114 113 34 230 89 79 75 93 86 213 121 85 162 78 183 111 169 161 150 111 119 165 99 60 112 188 58 236 79 104 116 68 102 98 76 108 61 76 74 74 156 42 199 189 64 22 89 182 63 95 129 97 56 224 142 36 42 186 166 164 35 71 123 110 56 100 45 195 128 117 105 106 45 67 79 102 98 168 38 75 68 84 64 164 56 69 88 
97 67 105 75 47 73 37 102 126 106 67 82 103 103 30 13 86 21 83 76 0 28 32 82 38 88 116 46 28 74 82 36 29 133 55 183 74 68 81 148 34 55 15 61 79 53 124 55 97 114 64 140 33 62 114 107 201 38 38 103 155 85 27 71 17 12 137 45 157 87 79 112 96 97 85 75 85 59 91 99 31 37 113 20 161 4 76 135 142 28 78 19 32 52 91 22 59 80 36 126 115 52 97 16 107 15 67 54 69 128 149 86 87 115 112 91 89 55 143 47 124 31 24 60 120 52 116 29 83 38 113 103 86 53 93 101 78 23 102 137 92 82 28 35 
88 96 96 46 38 45 65 74 155 97 58 72 94 94 35 15 78 7 55 104 28 0 60 54 11 80 108 38 37 87 90 64 30 105 47 155 46 96 73 140 36 82 17 88 71 25 152 83 106 104 36 132 42 50 87 79 173 10 47 131 127 77 25 99 27 40 109 18 149 59 71 91 88 82 57 84 113 49 63 91 59 46 85 45 133 25 67 127 170 55 70 28 42 80 83 50 87 83 63 98 87 80 104 15 79 40 59 28 61 120 121 76 115 107 84 100 61 69 135 46 116 58 8 88 92 30 108 13 75 65 141 95 78 81 65 129 106 51 94 165 76 110 35 27 
73 35 81 107 43 105 53 134 94 91 44 95 80 80 25 45 64 53 114 51 32 60 0 114 70 66 93 34 51 97 58 13 61 165 34 215 106 38 60 126 24 29 43 29 57 85 92 24 122 118 96 118 56 94 146 139 233 70 61 72 187 64 35 40 49 34 169 77 135 119 57 142 74 127 117 98 60 76 123 78 9 60 145 14 193 35 62 113 110 51 57 32 59 22 69 23 28 112 9 158 147 21 73 45 139 19 53 85 55 106 181 100 56 93 144 114 121 32 121 79 102 5 56 30 152 84 94 61 65 6 82 81 65 47 125 70 47 17 80 106 122 51 25 44 
80 151 66 26 71 26 120 23 209 66 75 42 89 65 89 70 63 61 23 156 82 54 114 0 43 73 125 81 79 141 142 118 60 52 81 102 7 149 70 111 90 135 71 141 57 28 206 137 136 74 16 102 92 79 100 26 120 43 78 184 74 67 78 153 65 94 59 35 120 6 79 60 59 51 33 115 167 37 14 63 113 80 32 99 80 79 52 98 223 109 57 82 72 134 80 104 141 112 117 46 33 134 156 69 26 94 62 28 60 107 68 46 168 132 30 131 22 122 107 75 87 112 57 142 39 59 79 52 50 119 195 80 54 135 12 182 160 105 75 218 45 164 88 69 
96 107 104 35 45 34 76 63 166 104 65 80 101 101 46 26 85 17 61 114 38 11 70 43 0 87 115 46 35 97 100 74 22 94 55 144 35 106 81 147 47 92 27 98 78 20 162 93 99 112 26 139 49 42 76 68 162 10 40 141 116 85 36 109 22 50 98 7 156 48 78 99 95 89 46 77 123 57 53 99 69 39 74 55 122 35 75 134 180 65 77 38 34 90 90 60 97 75 73 88 76 90 115 26 68 50 66 35 68 127 110 84 125 115 73 93 50 79 142 38 123 68 14 98 81 22 115 10 82 75 151 102 85 91 54 139 116 61 101 175 83 120 45 35 
6 77 14 78 43 78 120 95 135 48 22 54 15 23 58 83 10 84 73 83 88 80 66 73 87 0 52 41 116 162 69 79 109 125 32 175 66 76 7 59 53 62 73 68 16 69 133 81 185 76 68 51 121 129 151 99 193 77 126 111 147 6 61 91 105 100 130 83 68 79 9 100 28 86 86 163 126 36 82 16 75 125 105 67 153 84 21 46 150 116 15 68 120 77 7 88 90 162 57 116 106 79 83 72 99 72 22 53 20 40 141 59 95 59 103 179 81 49 54 125 36 71 86 71 112 109 34 91 23 60 122 14 19 112 85 109 92 82 13 145 81 92 59 52 
46 103 66 121 70 119 147 148 122 102 53 107 37 76 86 111 62 112 125 42 116 108 93 125 115 52 0 69 144 190 35 106 137 177 60 227 118 56 56 58 81 64 101 70 68 100 92 107 213 128 111 82 149 157 179 151 245 105 154 76 199 58 89 117 133 127 182 111 43 131 47 152 80 138 131 191 153 88 134 68 102 153 157 95 205 112 73 85 102 144 67 96 148 103 46 116 116 190 84 168 158 106 30 100 151 100 65 99 67 20 193 111 78 7 155 207 133 61 30 153 79 98 114 87 164 137 86 119 75 87 109 48 71 140 137 80 117 110 53 102 133 98 87 80 
49 69 57 73 10 72 77 101 128 59 19 62 55 55 16 41 39 42 81 77 46 38 34 81 46 41 69 0 74 120 63 39 67 132 9 182 73 70 35 100 12 56 32 62 33 52 126 58 143 85 63 92 79 87 114 106 200 37 84 105 154 39 20 74 63 58 136 45 109 86 32 109 49 94 84 121 88 43 90 53 34 83 112 26 160 42 30 87 144 74 32 27 78 55 44 47 62 120 38 125 114 55 78 31 106 31 21 52 23 81 148 67 89 69 111 137 88 43 95 83 77 33 45 63 119 68 69 50 37 40 116 55 40 71 92 103 81 41 54 139 89 85 18 11 
125 72 133 71 75 70 41 99 131 134 95 110 131 131 58 34 114 32 91 103 28 37 51 79 35 116 144 74 0 62 109 41 25 129 83 179 70 89 109 174 62 80 42 75 107 51 129 60 78 141 61 166 14 58 111 103 197 41 10 108 151 113 54 76 13 16 133 42 183 83 106 128 123 119 81 47 89 86 88 127 41 9 109 48 157 31 104 161 147 31 106 46 22 57 118 27 64 76 60 123 111 57 124 43 103 43 95 65 97 155 145 113 92 143 108 63 85 83 169 43 151 45 29 65 116 48 143 26 111 55 118 129 114 57 89 106 83 33 128 142 113 87 55 62 
171 88 179 133 121 132 44 161 69 180 141 156 177 177 104 80 160 80 142 149 74 87 97 141 97 162 190 120 62 0 155 84 87 191 129 241 132 135 155 220 108 126 89 120 153 112 99 83 140 188 123 212 48 120 173 165 259 97 69 115 213 159 101 74 75 63 195 104 229 145 152 176 169 166 143 85 38 133 150 173 88 60 171 94 219 78 150 207 90 46 152 93 84 86 164 74 74 138 105 185 173 84 170 90 165 89 141 113 143 201 207 160 113 189 170 96 147 128 215 105 197 92 83 101 178 110 189 88 157 102 82 175 160 50 151 110 73 80 174 90 161 92 102 109 
63 68 83 136 73 135 112 164 87 118 69 124 54 93 55 77 79 83 142 14 82 90 58 142 100 69 35 63 109 155 0 71 103 194 63 244 135 21 73 75 54 29 73 35 85 115 64 72 179 145 126 99 114 125 176 168 262 100 119 44 216 75 65 82 99 92 198 107 78 148 64 169 97 155 146 156 118 105 151 85 67 118 174 61 222 78 90 102 82 109 84 63 114 68 62 81 81 156 49 185 175 71 15 75 168 66 81 115 83 49 210 128 43 35 172 172 150 26 64 120 96 63 86 52 181 114 103 91 92 52 74 65 88 105 154 46 82 75 70 78 150 63 55 74 
86 30 94 112 49 110 40 139 89 97 57 101 93 93 30 50 77 58 119 64 36 64 13 118 74 79 106 39 41 84 71 0 65 168 47 218 109 51 73 138 30 42 48 37 70 89 87 19 119 123 100 130 43 98 150 142 236 74 49 66 190 77 40 35 53 25 172 81 147 122 70 147 87 132 120 86 49 81 127 91 6 48 148 19 196 40 69 125 105 38 70 37 63 16 82 15 23 116 22 162 150 16 86 50 142 24 59 90 61 119 184 105 51 106 147 102 124 45 133 83 115 8 60 24 155 88 107 65 75 18 77 93 78 34 128 65 42 13 92 101 127 46 30 49 
118 97 126 46 67 45 66 74 156 126 87 102 123 123 51 26 107 25 83 106 29 30 61 60 22 109 137 67 25 87 103 65 0 105 76 155 52 97 102 167 55 84 35 90 100 42 152 84 76 134 43 159 39 33 86 79 173 32 18 131 127 106 47 100 12 41 109 27 176 65 99 120 116 110 57 55 114 79 73 120 60 27 85 47 133 26 97 154 170 56 99 40 12 81 111 51 88 53 65 105 87 81 118 36 80 41 88 57 90 148 121 105 116 136 84 71 61 78 162 18 144 60 21 89 92 23 136 16 104 67 142 122 107 82 66 130 107 52 121 166 104 111 49 56 
133 203 113 59 123 60 172 31 260 78 126 72 142 103 140 120 116 112 52 208 133 105 165 52 94 125 177 132 129 191 194 168 105 0 132 50 59 200 122 123 141 186 121 192 109 79 255 187 131 80 68 110 143 75 95 26 68 94 123 234 21 119 129 203 116 144 54 87 149 46 131 67 97 57 48 111 217 89 43 109 163 132 20 149 60 129 104 105 273 159 109 132 108 184 132 154 191 108 167 52 19 184 207 120 26 144 114 80 112 158 16 67 219 184 22 127 45 173 152 88 101 162 108 192 16 82 93 104 101 169 245 130 105 185 40 233 210 155 125 269 52 214 139 120 
39 69 47 74 10 72 86 101 128 57 10 62 46 46 25 50 30 51 81 77 55 47 34 81 55 32 60 9 83 129 63 47 76 132 0 182 73 69 26 91 21 56 41 62 23 53 126 58 152 85 64 83 88 96 119 106 200 45 93 105 153 30 29 74 72 67 136 51 100 86 23 109 40 94 84 130 94 44 90 44 43 92 112 35 160 51 28 78 144 83 23 36 87 56 35 56 62 129 38 125 114 55 78 40 106 40 19 52 21 72 148 66 89 60 111 146 88 43 86 92 68 39 54 64 119 77 60 59 31 40 116 46 31 80 92 103 81 50 45 139 88 85 27 20 
183 253 163 109 173 110 222 81 310 128 176 122 192 153 190 170 166 162 102 258 183 155 215 102 144 175 227 182 179 241 244 218 155 50 182 0 109 250 172 173 191 236 171 242 159 129 305 237 110 102 118 149 193 124 74 76 18 144 173 284 28 169 179 253 166 194 47 137 199 96 181 88 147 90 98 160 267 139 93 159 213 182 70 199 39 179 154 146 323 209 159 182 158 234 182 204 241 106 217 73 69 234 257 170 76 194 164 130 162 208 33 117 269 234 72 149 95 223 202 138 151 212 158 242 62 132 143 154 151 219 295 180 155 235 90 283 260 205 175 319 95 264 189 170 
73 143 73 19 63 18 112 29 201 73 68 49 82 72 81 62 56 53 30 149 74 46 106 7 35 66 118 73 70 132 135 109 52 59 73 109 0 141 63 118 82 127 62 133 50 20 196 128 128 81 9 109 84 71 92 33 127 35 70 175 80 60 70 144 57 85 64 28 127 13 72 67 66 58 26 107 158 30 21 70 104 73 39 90 87 70 45 105 214 100 50 73 64 125 73 95 132 104 108 53 40 125 148 61 33 85 55 21 53 100 75 53 160 125 37 123 15 114 114 67 94 103 49 133 46 51 86 45 53 110 186 74 56 126 19 174 151 96 72 210 52 155 80 61 
70 47 90 143 80 141 91 170 66 125 75 130 61 100 61 81 86 89 149 14 68 96 38 149 106 76 56 70 89 135 21 51 97 200 69 250 141 0 80 91 60 13 79 14 92 121 57 51 159 152 132 106 94 130 182 174 268 106 99 36 221 82 71 61 85 72 204 113 99 154 70 176 104 162 152 136 97 112 158 92 47 98 180 50 228 71 97 109 75 89 91 68 95 47 69 61 60 148 32 192 181 50 36 81 174 55 87 121 89 70 216 135 22 56 178 152 156 26 85 115 103 42 92 31 187 120 110 97 99 32 53 71 95 84 160 35 61 54 76 71 157 42 60 79 
13 80 21 71 36 71 112 92 139 45 16 51 20 20 51 76 7 77 70 88 81 73 60 70 81 7 56 35 109 155 73 73 102 122 26 172 63 80 0 66 47 66 67 72 12 62 137 74 178 73 61 58 114 122 145 96 190 71 119 115 143 4 55 86 98 93 127 77 75 76 9 97 25 83 79 156 120 33 79 18 69 118 102 61 150 77 17 53 154 109 12 62 113 70 11 82 83 155 51 113 103 73 86 66 96 66 15 46 13 47 138 55 99 63 100 172 78 53 61 118 42 65 80 74 109 103 34 85 20 54 126 21 16 106 82 113 93 76 20 149 77 96 53 46 
53 136 45 138 103 138 180 134 157 45 82 69 47 46 118 143 62 144 88 89 148 140 126 111 147 59 58 100 174 220 75 138 167 123 91 173 118 91 66 0 112 98 132 104 69 128 139 140 243 73 127 24 179 187 210 131 191 136 184 119 144 62 120 150 163 158 169 142 26 105 68 97 52 83 144 221 185 90 96 48 134 183 123 126 177 142 72 27 157 174 69 127 178 136 57 147 149 220 116 113 108 138 88 131 111 131 81 111 78 38 139 64 113 65 116 237 133 95 31 183 23 130 145 121 132 168 31 150 64 119 144 45 61 171 113 118 151 141 46 153 78 132 118 111 
61 59 69 83 19 81 65 110 118 71 31 71 67 67 4 29 51 30 90 68 34 36 24 90 47 53 81 12 62 108 54 30 55 141 21 191 82 60 47 112 0 46 20 52 44 61 116 48 131 94 72 104 67 75 123 115 209 46 72 95 162 51 11 64 51 46 145 54 121 95 44 118 61 103 93 109 78 53 99 65 24 71 121 14 169 30 42 99 134 62 44 15 66 46 56 35 52 108 28 134 122 45 68 21 115 19 33 61 35 93 157 76 79 81 119 125 97 33 107 71 89 23 33 54 128 60 81 38 49 30 106 67 52 59 101 93 71 29 66 129 98 75 6 20 
56 39 76 130 66 128 83 157 72 111 62 117 51 86 48 67 72 75 135 22 55 82 29 135 92 62 64 56 80 126 29 42 84 186 56 236 127 13 66 98 46 0 66 6 78 107 70 43 151 138 118 93 85 117 168 160 254 92 90 49 207 68 57 53 72 63 190 99 107 140 57 162 90 148 138 127 89 98 144 78 38 89 166 37 214 57 83 95 88 80 77 54 87 39 55 52 52 135 20 178 167 42 44 67 160 42 74 107 76 78 202 121 33 64 164 143 142 13 93 102 89 34 78 23 173 106 96 83 85 23 60 58 81 76 146 47 53 46 63 83 143 34 47 66 
81 79 89 63 32 62 49 91 138 91 51 66 87 87 18 9 71 10 72 87 15 17 43 71 27 73 101 32 42 89 73 48 35 121 41 171 62 79 67 132 20 66 0 72 64 42 135 67 111 98 53 124 47 55 103 95 189 27 52 114 142 71 12 83 32 26 125 34 141 75 64 100 81 85 73 89 97 44 80 85 42 51 101 29 149 11 62 119 153 43 64 11 47 64 76 33 71 88 47 115 102 64 88 2 95 23 53 43 55 113 137 71 99 101 99 105 77 52 127 51 109 42 13 72 108 41 101 18 69 49 125 87 72 64 81 113 90 34 86 149 80 94 18 21 
62 32 82 136 72 134 76 163 66 117 68 123 57 92 54 73 78 81 141 28 61 88 29 141 98 68 70 62 75 120 35 37 90 192 62 242 133 14 72 104 52 6 72 0 84 113 64 36 145 144 124 99 80 123 174 166 260 98 85 42 213 74 63 46 78 58 196 105 113 146 63 168 96 154 144 122 82 104 150 84 33 84 172 43 220 63 89 101 81 74 83 60 88 32 61 47 45 141 25 184 173 35 50 73 166 48 80 113 82 84 208 127 27 70 170 138 148 19 99 108 95 30 84 17 179 112 102 89 91 23 54 64 87 69 152 41 47 41 69 77 149 28 53 72 
22 93 24 68 33 67 110 79 151 33 17 38 31 23 49 74 7 75 57 99 79 71 57 57 78 16 68 33 107 153 85 70 100 109 23 159 50 92 12 69 44 78 64 84 0 59 148 81 175 61 58 61 111 119 141 83 177 68 116 126 130 9 52 97 95 90 114 74 78 63 21 85 17 70 75 153 117 21 66 21 66 115 89 58 137 74 5 56 165 106 0 59 110 79 23 79 85 152 61 101 90 78 98 63 83 63 12 42 9 51 125 43 111 75 87 169 65 65 65 115 45 62 77 86 96 100 37 82 8 63 138 25 8 103 69 125 104 73 23 161 65 108 50 43 
76 122 84 20 43 19 91 48 181 84 47 60 83 83 61 41 66 32 41 129 53 25 85 28 20 69 100 52 51 112 115 89 42 79 53 129 20 121 62 128 61 107 42 113 59 0 176 108 118 92 11 120 64 62 83 53 147 15 60 155 100 66 50 124 39 65 83 15 137 33 60 79 76 69 31 97 138 37 38 80 84 59 59 70 107 50 55 115 194 80 58 53 54 105 72 75 112 95 88 73 60 105 129 40 53 65 47 16 49 109 95 64 140 107 57 113 35 94 123 58 104 83 29 113 66 42 96 26 63 90 166 83 66 106 39 154 131 76 82 190 64 135 60 41 
127 57 147 201 136 198 88 227 30 182 133 188 118 157 118 138 143 146 206 50 124 152 92 206 162 133 92 126 129 99 64 87 152 255 126 305 196 57 137 139 116 70 135 64 148 176 0 68 206 208 187 163 115 185 237 229 323 161 136 21 276 138 127 52 140 112 259 168 135 209 127 232 160 218 207 151 62 168 214 148 93 127 235 106 283 127 153 165 18 98 147 124 150 71 125 102 65 203 89 248 236 71 72 137 229 111 144 177 146 106 271 191 36 92 233 163 211 83 121 170 159 93 147 63 242 175 166 152 155 87 17 128 151 72 215 22 45 100 133 14 213 41 117 136 
88 11 96 131 68 129 39 158 70 115 65 120 94 95 49 69 78 77 138 65 55 83 24 137 93 81 107 58 60 83 72 19 84 187 58 237 128 51 74 140 48 43 67 36 81 108 68 0 138 142 119 132 47 117 169 161 255 93 68 47 208 78 59 16 72 44 191 100 149 141 71 166 95 151 139 87 45 100 146 92 25 59 167 38 215 59 86 127 86 38 81 56 82 3 83 34 9 135 22 181 168 3 86 69 161 43 77 109 79 120 203 124 32 106 165 103 143 45 135 102 116 25 79 18 174 107 108 84 89 19 58 95 86 33 147 46 23 32 94 82 146 27 49 68 
194 150 202 110 144 110 119 113 209 203 164 178 200 200 127 103 183 102 159 173 97 106 122 136 99 185 213 143 78 140 179 119 76 131 152 110 128 159 178 243 131 151 111 145 175 118 206 138 0 209 119 235 92 56 36 115 123 108 71 185 115 182 123 154 79 94 77 103 252 141 175 195 192 186 103 55 167 155 149 196 114 80 123 117 83 101 173 230 224 108 175 116 64 135 187 104 142 23 131 181 140 135 194 112 136 112 164 133 166 224 120 181 170 212 130 44 114 152 238 59 220 117 97 143 115 75 212 92 180 127 196 198 183 135 133 184 161 106 197 220 180 165 125 132 
84 154 64 101 75 101 145 98 213 28 78 32 93 54 93 108 66 109 51 159 114 104 118 74 112 76 128 85 141 188 145 123 134 80 85 102 81 152 73 73 94 138 98 144 61 92 208 142 209 0 90 49 145 152 173 94 118 101 150 186 96 70 88 158 130 124 132 107 99 68 82 24 49 23 107 187 172 54 59 61 117 149 86 104 140 109 56 46 225 141 61 95 145 139 83 116 146 185 122 40 70 139 158 98 74 100 66 75 64 110 91 27 171 135 79 203 96 125 104 148 51 117 111 147 95 132 43 116 53 124 198 82 57 141 76 185 165 111 77 221 28 168 93 79 
75 133 82 10 54 9 102 38 192 82 58 58 82 81 72 52 65 43 39 140 64 36 96 16 26 68 111 63 61 123 126 100 43 68 64 118 9 132 61 127 72 118 53 124 58 11 187 119 119 90 0 118 75 62 83 42 136 26 61 166 89 65 61 135 48 76 73 19 136 22 64 76 75 67 21 98 149 36 30 79 95 64 48 81 96 61 54 114 205 91 57 64 55 116 71 86 123 95 99 62 49 116 140 51 42 76 46 15 48 108 84 62 151 118 46 114 24 105 122 58 103 94 40 124 55 42 95 36 62 101 177 82 65 117 28 165 142 87 81 201 61 146 71 52 
45 128 37 130 95 130 172 126 165 36 74 60 46 38 110 135 54 136 79 113 140 132 118 102 139 51 82 92 166 212 99 130 159 110 83 149 109 106 58 24 104 93 124 99 61 120 163 132 235 49 118 0 171 179 201 122 167 128 176 141 126 54 112 142 155 150 160 134 50 96 60 73 44 59 135 213 177 82 87 40 126 175 114 118 168 134 64 4 180 166 61 119 170 128 49 139 141 212 108 89 99 130 112 123 102 123 73 103 70 62 120 55 126 89 107 229 124 87 55 175 14 122 137 114 123 160 22 142 56 111 153 37 52 163 104 140 143 133 37 176 57 126 110 103 
129 58 137 85 79 84 27 113 117 138 99 114 135 135 63 38 119 38 96 107 33 42 56 92 49 121 149 79 14 48 114 43 39 143 88 193 84 94 114 179 67 85 47 80 111 64 115 47 92 145 75 171 0 72 125 117 211 49 21 94 164 118 59 63 27 21 147 56 188 97 111 133 128 124 95 43 75 91 102 132 46 12 123 53 171 36 109 166 133 17 111 51 36 47 123 32 51 90 65 137 124 44 129 48 117 48 100 70 102 160 159 118 79 148 121 59 99 88 174 57 156 50 35 62 130 62 148 40 116 60 105 134 119 43 103 93 70 38 133 128 118 74 60 67 
137 130 145 53 88 53 99 57 189 146 107 122 143 143 72 50 127 45 102 139 62 50 94 79 42 129 157 87 58 120 125 98 33 75 96 124 71 130 122 187 75 117 55 123 119 62 185 117 56 152 62 179 72 0 53 60 142 52 51 164 95 126 67 133 45 74 77 47 196 84 119 138 136 129 47 36 147 98 92 140 93 60 68 80 102 59 116 174 203 89 119 63 36 114 131 84 121 33 98 124 84 114 140 56 80 74 108 77 110 168 90 124 149 156 75 52 58 104 182 15 164 93 41 122 61 20 156 36 124 100 175 142 127 115 77 163 140 85 141 199 123 144 70 76 
159 183 166 74 109 74 152 77 242 166 129 142 165 165 122 102 149 93 123 190 114 87 146 100 76 151 179 114 111 173 176 150 86 95 119 74 92 182 145 210 123 168 103 174 141 83 237 169 36 173 83 201 125 53 0 79 89 77 104 216 79 148 112 185 98 126 41 69 219 105 142 159 158 150 67 89 199 119 113 162 145 113 87 131 49 111 137 197 255 141 140 114 89 166 154 136 173 35 149 145 104 166 191 102 100 126 129 98 131 191 84 145 201 179 94 78 78 155 205 68 186 144 90 174 79 63 178 86 145 151 227 165 148 167 98 215 192 137 164 251 144 196 121 103 
106 177 89 33 97 34 146 5 234 87 100 63 115 86 114 94 89 86 43 182 107 79 139 26 68 99 151 106 103 165 168 142 79 26 106 76 33 174 96 131 115 160 95 166 83 53 229 161 115 94 42 122 117 60 79 0 94 68 97 208 47 92 103 177 90 118 38 61 141 27 104 81 80 71 22 95 191 63 35 86 137 106 8 123 54 103 78 118 247 133 83 106 82 158 106 128 165 93 141 67 25 158 181 93 21 118 88 54 86 133 42 67 193 158 15 111 19 147 130 62 108 136 82 166 13 56 100 78 76 143 219 106 80 159 19 207 184 129 101 243 66 188 113 94 
201 271 181 127 191 128 240 99 328 146 194 140 210 171 208 188 184 180 120 276 201 173 233 120 162 193 245 200 197 259 262 236 173 68 200 18 127 268 190 191 209 254 189 260 177 147 323 255 123 118 136 167 211 142 89 94 0 162 191 302 46 186 197 271 184 212 65 155 217 114 198 93 165 107 116 178 285 157 111 177 231 200 88 217 40 197 172 163 341 227 177 200 176 252 200 222 259 124 235 77 87 252 275 187 94 212 182 148 180 226 51 135 287 252 90 167 113 241 220 156 169 230 176 260 80 150 161 172 169 237 313 198 173 253 108 301 278 223 193 337 112 282 207 188 
84 106 92 35 35 34 75 63 165 94 55 69 91 91 45 25 75 17 51 114 38 10 70 43 10 77 105 37 41 97 100 74 32 94 45 144 35 106 71 136 46 92 27 98 68 15 161 93 108 101 26 128 49 52 77 68 162 0 50 140 115 75 35 109 30 50 98 8 145 48 68 88 85 79 46 87 123 46 53 89 69 49 74 55 122 35 64 123 179 65 67 38 44 90 80 60 97 85 73 88 75 90 114 25 68 50 56 25 58 117 110 73 125 105 72 103 50 79 131 48 113 68 14 98 81 32 105 17 72 75 151 91 75 91 54 139 116 61 90 175 73 120 45 26 
135 79 143 64 85 63 48 92 138 144 105 120 141 141 68 44 124 42 101 113 38 47 61 78 40 126 154 84 10 69 119 49 18 123 93 173 70 99 119 184 72 90 52 85 116 60 136 68 71 150 61 176 21 51 104 97 191 50 0 115 144 123 64 84 21 26 127 45 193 83 116 137 133 128 75 37 96 96 91 137 51 9 103 58 151 41 114 171 154 38 116 56 15 65 128 37 72 69 70 123 105 65 134 53 98 53 105 75 107 165 139 123 100 153 102 53 79 93 179 36 161 55 39 73 110 41 153 34 121 65 126 139 124 64 84 114 91 43 138 149 122 95 65 72 
105 37 125 179 115 177 71 206 46 160 111 166 97 135 97 116 121 124 184 34 103 131 72 184 141 111 76 105 108 115 44 66 131 234 105 284 175 36 115 119 95 49 114 42 126 155 21 47 185 186 166 141 94 164 216 208 302 140 115 0 255 116 105 41 119 91 238 147 119 188 105 210 138 196 186 131 77 146 192 126 72 106 214 85 262 105 131 143 39 78 125 102 129 50 103 81 44 182 67 226 215 50 56 115 208 90 122 155 124 90 250 169 15 76 212 143 190 61 105 149 137 72 126 42 221 154 144 131 133 65 32 106 129 65 194 4 42 79 111 35 191 23 95 114 
154 225 135 81 145 82 194 53 282 100 148 94 163 125 162 142 137 134 74 230 155 127 187 74 116 147 199 154 151 213 216 190 127 21 153 28 80 221 143 144 162 207 142 213 130 100 276 208 115 96 89 126 164 95 79 47 46 115 144 255 0 139 150 224 137 165 38 108 170 67 151 82 118 73 69 131 238 110 64 130 184 153 41 170 44 150 125 121 294 180 130 153 129 205 153 175 212 92 188 68 40 205 228 140 47 165 135 101 133 179 5 88 240 205 43 122 66 194 173 109 122 183 129 213 34 103 114 125 122 190 266 151 126 206 61 254 231 176 146 290 68 235 160 141 
12 83 17 75 40 75 116 89 141 42 20 48 21 17 55 80 4 81 67 89 85 77 64 67 85 6 58 39 113 159 75 77 106 119 30 169 60 82 4 62 51 68 71 74 9 66 138 78 182 70 65 54 118 126 148 92 186 75 123 116 139 0 59 89 102 97 123 81 71 72 12 94 22 79 83 160 123 30 75 14 73 122 98 65 146 81 14 49 155 113 9 66 117 74 13 86 87 159 55 110 99 77 88 70 92 70 19 50 17 44 134 52 101 65 96 176 74 55 58 122 39 69 84 77 105 107 31 89 17 58 128 18 13 110 78 115 96 80 17 151 74 98 57 50 
69 70 77 70 20 69 57 98 129 79 39 60 75 75 10 21 59 22 79 79 27 25 35 78 36 61 89 20 54 101 65 40 47 129 29 179 70 71 55 120 11 57 12 63 52 50 127 59 123 88 61 112 59 67 112 103 197 35 64 105 150 59 0 75 44 38 133 43 129 83 52 107 69 92 81 101 89 41 88 73 34 63 109 21 157 22 50 107 144 54 52 7 59 56 64 28 63 100 39 123 110 56 79 11 103 16 41 50 43 101 145 65 90 89 107 117 85 44 115 63 97 34 25 64 116 49 89 30 57 41 117 75 60 57 89 104 82 27 74 140 87 86 10 9 
97 14 105 147 84 145 36 174 53 131 81 136 104 106 65 85 93 93 154 75 71 99 40 153 109 91 117 74 76 74 82 35 100 203 74 253 144 61 86 150 64 53 83 46 97 124 52 16 154 158 135 142 63 133 185 177 271 109 84 41 224 89 75 0 88 60 207 116 159 157 82 182 111 167 155 99 36 116 162 103 41 75 183 54 231 75 102 137 70 46 97 72 98 19 94 50 13 151 37 197 184 19 96 85 177 59 93 125 95 130 219 140 39 116 181 111 159 56 145 118 127 41 95 29 190 123 120 100 105 35 41 105 102 24 163 37 7 48 104 65 162 18 65 84 
114 84 122 57 64 56 54 85 143 123 84 99 120 120 47 23 103 22 80 93 17 27 49 65 22 105 133 63 13 75 99 53 12 116 72 166 57 85 98 163 51 72 32 78 95 39 140 72 79 130 48 155 27 45 98 90 184 30 21 119 137 102 44 88 0 29 120 29 172 70 95 118 112 108 68 58 102 76 75 116 48 20 96 37 144 21 93 150 158 44 95 36 15 69 107 39 76 63 53 110 97 69 114 33 90 32 84 55 86 144 132 103 104 132 94 74 72 72 158 30 140 48 18 77 103 35 132 13 100 55 129 118 103 70 76 118 95 40 117 153 103 99 45 52 
108 55 116 87 58 85 25 114 114 117 78 93 114 114 42 25 98 33 95 86 12 40 34 94 50 100 127 58 16 63 92 25 41 144 67 194 85 72 93 158 46 63 26 58 90 65 112 44 94 124 76 150 21 74 126 118 212 50 26 91 165 97 38 60 29 0 148 57 167 98 90 124 107 109 96 63 73 70 103 111 25 25 124 32 172 15 88 145 130 17 90 30 38 41 102 11 48 92 43 138 125 41 107 27 118 27 79 66 81 139 160 97 76 127 122 79 100 66 153 59 135 29 36 49 131 64 127 41 95 39 101 113 98 41 104 90 67 17 112 125 104 71 39 46 
137 207 125 63 127 64 176 36 264 125 130 101 146 124 144 124 120 116 81 213 137 109 169 59 98 130 182 136 133 195 198 172 109 54 136 47 64 204 127 169 145 190 125 196 114 83 259 191 77 132 73 160 147 77 41 38 65 98 127 238 38 123 133 207 120 148 0 91 179 65 135 119 118 109 52 113 221 94 73 122 167 136 46 153 25 133 109 156 277 163 114 136 112 188 136 158 195 59 171 105 63 188 211 123 59 148 119 85 117 164 43 105 223 188 53 102 49 177 166 92 146 166 112 196 38 86 138 108 107 173 248 137 111 189 57 237 214 159 132 272 104 218 143 124 
91 113 99 28 41 27 83 56 172 99 61 75 97 97 53 33 81 24 56 121 45 18 77 35 7 83 111 45 42 104 107 81 27 87 51 137 28 113 77 142 54 99 34 105 74 15 168 100 103 107 19 134 56 47 69 61 155 8 45 147 108 81 43 116 29 57 91 0 151 41 74 94 91 84 39 82 130 52 49 95 76 45 67 62 115 42 70 129 186 72 73 45 39 97 86 67 104 79 80 81 68 97 122 33 61 57 62 31 64 123 103 79 132 111 65 98 43 86 137 43 119 75 21 105 74 27 111 17 78 82 157 97 81 98 47 146 123 68 96 181 79 127 52 34 
62 145 54 147 112 147 189 143 165 71 91 79 56 56 127 152 71 153 98 85 157 149 135 120 156 68 43 109 183 229 78 147 176 149 100 199 127 99 75 26 121 107 141 113 78 137 135 149 252 99 136 50 188 196 219 141 217 145 193 119 170 71 129 159 172 167 179 151 0 115 77 123 62 109 153 230 194 99 107 57 143 192 133 135 187 151 82 53 145 183 78 136 187 145 66 156 158 229 125 139 130 147 64 140 123 140 90 120 87 28 165 82 121 43 128 246 142 104 13 192 48 139 154 130 142 177 56 159 74 128 151 53 70 180 123 123 160 150 55 145 104 141 127 120 
86 155 68 32 76 31 125 29 214 60 81 36 95 59 94 75 69 66 17 162 87 59 119 6 48 79 131 86 83 145 148 122 65 46 86 96 13 154 76 105 95 140 75 146 63 33 209 141 141 68 22 96 97 84 105 27 114 48 83 188 67 72 83 157 70 98 65 41 115 0 84 54 53 45 39 120 171 43 8 65 117 86 27 103 76 83 58 92 227 113 63 86 77 138 85 108 145 117 121 40 27 138 160 73 20 98 68 34 66 113 62 40 173 137 25 136 28 127 107 80 81 116 62 146 35 64 73 58 56 123 198 86 60 139 8 187 164 109 81 222 39 168 93 74 
15 71 23 73 33 72 110 101 129 54 13 60 23 29 49 74 16 75 79 78 79 71 57 79 78 9 47 32 106 152 64 70 99 131 23 181 72 70 9 68 44 57 64 63 21 60 127 71 175 82 64 60 111 119 142 104 198 68 116 105 151 12 52 82 95 90 135 74 77 84 0 106 34 91 84 153 116 42 87 22 66 115 110 58 158 74 26 55 144 106 21 59 110 67 12 79 80 152 48 122 111 70 77 63 104 63 18 52 20 49 146 64 90 54 108 169 86 44 63 115 45 62 77 65 117 100 40 82 29 51 117 23 25 103 90 104 84 73 22 140 86 87 50 43 
108 178 88 87 99 86 149 84 237 52 102 47 117 78 117 99 90 96 38 183 112 91 142 60 99 100 152 109 128 176 169 147 120 67 109 88 67 176 97 97 118 162 100 168 85 79 232 166 195 24 76 73 133 138 159 81 93 88 137 210 82 94 107 182 118 124 119 94 123 54 106 0 73 14 93 174 196 66 46 85 141 137 73 128 126 108 80 70 249 139 85 111 131 163 107 133 170 171 146 16 56 163 182 98 60 123 90 63 88 134 77 42 195 159 65 190 82 149 128 134 75 141 99 171 82 118 67 104 77 148 222 106 81 164 62 209 189 134 101 245 19 192 117 98 
34 105 15 85 50 84 127 82 163 21 30 26 43 6 66 91 18 92 45 111 96 88 74 59 95 28 80 49 123 169 97 87 116 97 40 147 66 104 25 52 61 90 81 96 17 76 160 95 192 49 75 44 128 136 158 80 165 85 133 138 118 22 69 111 112 107 118 91 62 53 34 73 0 58 92 170 134 38 54 12 83 132 79 75 128 91 20 39 177 123 17 76 127 92 35 96 99 169 74 89 78 92 110 80 71 80 29 59 26 61 113 31 123 87 75 186 81 77 55 132 28 79 94 99 87 117 20 99 12 76 150 33 9 120 61 137 118 90 28 173 53 120 67 60 
94 164 74 77 85 76 135 74 223 38 88 32 102 63 102 86 76 87 28 169 97 82 127 51 89 86 138 94 119 166 155 132 110 57 94 90 58 162 83 83 103 148 85 154 70 69 218 151 186 23 67 59 124 129 150 71 107 79 128 196 73 79 92 167 108 109 109 84 109 45 91 14 58 0 84 165 181 51 36 70 126 128 63 113 117 94 65 56 234 124 70 96 122 148 92 118 155 162 131 30 47 148 167 83 51 108 75 53 73 119 68 27 180 144 56 181 73 134 113 125 61 126 90 156 72 109 53 95 62 133 207 91 66 149 53 194 174 119 86 230 5 177 102 83 
92 153 99 11 75 12 123 17 212 99 78 75 99 98 92 72 82 64 56 161 85 57 117 33 46 86 131 84 81 143 146 120 57 48 84 98 26 152 79 144 93 138 73 144 75 31 207 139 103 107 21 135 95 47 67 22 116 46 75 186 69 83 81 155 68 96 52 39 153 39 84 93 92 84 0 82 169 54 47 96 115 84 28 101 76 81 71 131 225 111 75 84 60 136 89 106 143 79 119 79 38 136 160 71 34 96 67 33 66 126 64 79 171 138 29 98 11 125 140 43 120 114 60 144 35 34 112 56 79 121 196 100 82 137 31 185 162 107 98 220 78 166 91 72 
172 95 180 89 122 89 63 93 153 181 142 157 178 178 105 81 161 79 138 150 75 84 98 115 77 163 191 121 47 85 156 86 55 111 130 160 107 136 156 221 109 127 89 122 153 97 151 87 55 187 98 213 43 36 89 95 178 87 37 131 131 160 101 99 58 63 113 82 230 120 153 174 170 165 82 0 111 133 128 174 88 39 103 95 138 78 151 208 169 53 153 93 43 90 165 74 87 54 106 160 120 87 170 90 116 90 142 112 144 202 126 160 117 190 110 16 93 129 216 39 198 92 76 105 97 55 190 71 158 102 140 176 161 79 113 130 106 80 175 164 159 110 102 109 
133 50 141 161 98 159 48 188 41 145 104 150 140 140 79 98 124 106 168 111 85 113 60 167 123 126 153 88 89 38 118 49 114 217 94 267 158 97 120 185 78 89 97 82 117 138 62 45 167 172 149 177 75 147 199 191 285 123 96 77 238 123 89 36 102 73 221 130 194 171 116 196 134 181 169 111 0 130 176 137 55 87 197 68 245 88 118 171 57 58 117 86 111 48 128 64 36 165 67 211 198 46 131 99 191 73 107 139 109 165 233 154 75 151 195 123 173 90 179 132 161 55 109 63 204 137 153 114 122 64 45 139 125 32 177 73 35 62 138 53 176 54 79 98 
42 112 45 46 34 46 90 59 171 46 37 22 51 44 51 53 28 54 38 119 59 49 76 37 57 36 88 43 86 133 105 81 79 89 44 139 30 112 33 90 53 98 44 104 21 37 168 100 155 54 36 82 91 98 119 63 157 46 96 146 110 30 41 116 76 70 94 52 99 43 42 66 38 51 54 133 130 0 47 42 75 95 69 62 117 55 18 77 185 87 21 46 90 97 43 68 104 131 80 81 70 97 118 44 63 57 25 21 23 72 105 27 131 95 67 149 45 85 86 94 66 75 57 105 76 78 58 62 26 82 157 46 29 98 49 145 123 68 44 181 46 127 51 32 
89 159 69 40 80 39 128 37 218 51 83 28 98 59 98 78 72 70 9 165 91 63 123 14 53 82 134 90 88 150 151 127 73 43 90 93 21 158 79 96 99 144 80 150 66 38 214 146 149 59 30 87 102 92 113 35 111 53 91 192 64 75 88 162 75 103 73 49 107 8 87 46 54 36 47 128 176 47 0 66 122 92 27 108 81 88 61 83 230 118 66 91 85 143 88 113 150 125 126 35 24 143 163 78 17 103 71 38 69 115 59 32 176 140 21 144 36 130 109 88 73 121 67 151 36 72 65 63 58 128 203 87 62 144 16 190 169 114 82 226 31 173 98 79 
22 93 3 89 54 89 130 86 151 33 34 38 31 8 69 94 14 95 57 99 99 91 78 63 99 16 68 53 127 173 85 91 120 109 44 159 70 92 18 48 65 78 85 84 21 80 148 92 196 61 79 40 132 140 162 86 177 89 137 126 130 14 73 103 116 111 122 95 57 65 22 85 12 70 96 174 137 42 66 0 87 136 91 79 140 95 24 35 165 127 21 80 131 88 23 100 101 173 69 100 90 91 98 84 83 84 33 63 30 49 125 43 111 75 87 190 85 65 44 136 25 83 98 87 99 120 18 103 17 72 138 21 13 124 71 125 106 94 16 161 65 108 71 64 
82 36 90 105 43 104 44 133 95 93 53 95 89 89 24 44 73 52 113 60 31 59 9 113 69 75 102 34 41 88 67 6 60 163 43 213 104 47 69 134 24 38 42 33 66 84 93 25 114 117 95 126 46 93 145 137 231 69 51 72 184 73 34 41 48 25 167 76 143 117 66 141 83 126 115 88 55 75 122 87 0 50 143 13 191 34 64 121 111 42 66 31 58 22 78 14 29 111 18 156 144 22 82 44 137 18 55 84 57 115 179 99 57 102 141 104 119 41 129 78 111 4 55 30 150 83 103 60 71 14 82 89 74 38 123 71 48 8 88 106 121 52 24 43 
134 70 142 73 84 72 39 101 129 143 104 119 140 140 67 43 123 41 100 112 37 46 60 80 39 125 153 83 9 60 118 48 27 132 92 182 73 98 118 183 71 89 51 84 115 59 127 59 80 149 64 175 12 60 113 106 200 49 9 106 153 122 63 75 20 25 136 45 192 86 115 137 132 128 84 39 87 95 92 136 50 0 112 57 160 40 113 170 144 29 115 55 24 57 127 36 63 78 68 126 113 56 132 52 106 52 104 74 106 164 148 122 91 152 110 55 88 91 178 45 160 54 38 67 119 50 152 33 120 64 116 138 123 55 92 105 82 42 137 140 122 86 64 71 
112 181 94 39 103 40 151 11 240 78 106 54 121 84 120 100 95 92 35 188 113 85 145 32 74 105 157 112 109 171 174 148 85 20 112 70 39 180 102 123 121 166 101 172 89 59 235 167 123 86 48 114 123 68 87 8 88 74 103 214 41 98 109 183 96 124 46 67 133 27 110 73 79 63 28 103 197 69 27 91 143 112 0 129 53 109 84 110 253 139 89 112 88 164 111 134 171 101 147 58 16 164 186 99 12 124 94 60 92 139 36 59 199 163 7 119 25 153 134 68 100 142 88 172 9 62 92 84 82 149 224 112 86 165 20 213 190 135 107 248 58 194 119 100 
75 49 83 92 29 91 51 120 108 85 45 81 81 81 11 30 65 38 100 58 20 45 14 99 55 67 95 26 48 94 61 19 47 149 35 199 90 50 61 126 14 37 29 43 58 70 106 38 117 104 81 118 53 80 131 123 217 55 58 85 170 65 21 54 37 32 153 62 135 103 58 128 75 113 101 95 68 62 108 79 13 57 129 0 177 20 56 113 124 48 58 17 52 35 70 21 42 98 18 143 130 35 76 30 123 5 47 71 49 107 165 86 70 95 127 111 105 35 121 65 103 13 41 43 136 69 95 46 63 20 95 81 66 45 109 84 61 15 80 119 108 65 11 30 
160 230 143 87 151 88 200 59 288 132 154 108 169 133 168 148 143 140 89 236 161 133 193 80 122 153 205 160 157 219 222 196 133 60 160 39 87 228 150 177 169 214 149 220 137 107 283 215 83 140 96 168 171 102 49 54 40 122 151 262 44 146 157 231 144 172 25 115 187 76 158 126 128 117 76 138 245 117 81 140 191 160 53 177 0 157 132 163 301 187 137 160 136 212 159 182 219 84 195 111 69 212 234 147 65 172 142 108 140 187 49 112 247 211 60 127 73 201 183 116 153 190 136 220 44 110 145 132 130 197 272 160 134 213 69 261 238 183 155 296 111 242 167 148 
92 70 100 71 42 70 40 99 129 101 62 77 98 98 26 10 82 18 80 79 4 25 35 79 35 84 112 42 31 78 78 40 26 129 51 179 70 71 77 142 30 57 11 63 74 50 127 59 101 109 61 134 36 59 111 103 197 35 41 105 150 81 22 75 21 15 133 42 151 83 74 108 91 94 81 78 88 55 88 95 34 40 109 20 157 0 72 129 144 32 74 15 36 55 86 25 62 78 38 123 110 55 93 12 103 15 63 51 65 123 145 82 90 111 107 94 85 52 137 44 119 33 21 63 116 49 111 26 79 40 115 97 82 56 89 104 81 26 96 139 89 85 24 31 
27 98 28 64 30 63 107 74 156 29 22 33 36 26 46 71 11 72 52 104 76 67 62 52 75 21 73 30 104 150 90 69 97 104 28 154 45 97 17 72 42 83 62 89 5 55 153 86 173 56 54 64 109 116 137 78 172 64 114 131 125 14 50 102 93 88 109 70 82 58 26 80 20 65 71 151 118 18 61 24 64 113 84 56 132 72 0 59 169 104 5 57 108 84 27 77 90 149 66 95 85 83 102 61 78 61 10 39 8 55 120 38 115 79 82 166 60 69 68 112 48 62 75 91 91 96 40 80 8 68 142 29 11 101 64 129 109 71 27 165 60 112 48 41 
40 123 32 125 90 124 166 121 168 32 69 56 48 33 105 130 49 131 75 116 135 127 113 98 134 46 85 87 161 207 102 125 154 105 78 146 105 109 53 27 99 95 119 101 56 115 165 127 230 46 114 4 166 174 197 118 163 123 171 143 121 49 107 137 150 145 156 129 53 92 55 70 39 56 131 208 171 77 83 35 121 170 110 113 163 129 59 0 182 161 56 114 165 122 44 134 135 207 103 86 95 125 115 118 98 118 68 98 65 65 116 51 128 92 103 223 119 83 58 170 10 117 132 109 119 155 18 137 51 106 155 37 48 158 99 142 138 128 33 178 53 126 105 98 
144 75 164 218 154 216 106 245 21 199 150 205 136 174 136 155 160 163 223 68 142 170 110 223 180 150 102 144 147 90 82 105 170 273 144 323 214 75 154 157 134 88 153 81 165 194 18 86 224 225 205 180 133 203 255 247 341 179 154 39 294 155 144 70 158 130 277 186 145 227 144 249 177 234 225 169 57 185 230 165 111 144 253 124 301 144 169 182 0 115 164 141 168 89 142 120 83 221 106 264 254 89 82 154 247 129 161 194 163 120 289 207 54 102 251 180 229 100 132 188 176 111 165 81 260 193 183 170 172 104 28 145 168 89 233 40 62 118 150 4 229 59 134 153 
124 43 132 101 74 100 10 129 100 133 94 109 130 130 58 40 114 48 110 102 28 55 51 109 65 116 144 74 31 46 109 38 56 159 83 209 100 89 109 174 62 80 43 74 106 80 98 38 108 141 91 166 17 89 141 133 227 65 38 78 180 113 54 46 44 17 163 72 183 113 106 139 123 124 111 53 58 87 118 127 42 29 139 48 187 32 104 161 115 0 106 47 53 41 118 28 34 107 60 153 140 39 124 44 133 43 95 81 97 155 175 114 68 143 137 65 115 83 169 74 151 46 51 56 146 79 143 56 111 56 87 129 114 26 119 77 53 34 128 111 119 57 56 63 
21 92 24 67 32 67 109 79 150 33 17 38 30 23 48 73 7 74 57 98 78 70 57 57 77 15 67 32 106 152 84 70 99 109 23 159 50 91 12 69 44 77 64 83 0 58 147 81 175 61 57 61 111 119 140 83 177 67 116 125 130 9 52 97 95 90 114 73 78 63 21 85 17 70 75 153 117 21 66 21 66 115 89 58 137 74 5 56 164 106 0 59 110 79 22 79 85 152 61 100 90 78 97 63 83 63 11 42 9 51 125 43 110 74 87 168 65 64 65 115 45 62 77 86 96 99 37 82 8 63 137 25 8 103 69 124 104 73 23 160 65 107 50 43 
76 67 84 74 27 73 50 102 126 86 46 64 82 82 11 14 66 21 83 76 19 28 32 82 38 68 96 27 46 93 63 37 40 132 36 182 73 68 62 127 15 54 11 60 59 53 124 56 116 95 64 119 51 63 114 106 200 38 56 102 153 66 7 72 36 30 136 45 136 86 59 111 76 96 84 93 86 46 91 80 31 55 112 17 160 15 57 114 141 47 59 0 51 52 71 22 59 93 35 126 113 52 78 13 106 12 48 54 50 108 148 69 87 96 110 109 88 41 122 57 104 30 24 60 119 52 96 29 64 37 112 82 67 53 92 101 78 23 81 136 91 82 9 16 
129 94 137 49 79 48 63 77 153 138 99 114 135 135 62 38 118 37 95 108 32 42 59 72 34 120 148 78 22 84 114 63 12 108 87 158 64 95 113 178 66 87 47 88 110 54 150 82 64 145 55 170 36 36 89 82 176 44 15 129 129 117 59 98 15 38 112 39 187 77 110 131 127 122 60 43 111 90 85 131 58 24 88 52 136 36 108 165 168 53 110 51 0 79 122 49 86 54 67 117 90 79 128 48 83 47 99 69 101 159 124 117 114 147 87 59 64 87 173 21 155 58 33 87 95 26 147 28 115 65 139 133 118 79 71 128 105 50 132 163 116 109 60 67 
83 14 91 127 65 126 42 155 72 112 62 117 90 91 46 66 75 74 135 61 52 80 22 134 90 77 103 55 57 86 68 16 81 184 56 234 125 47 70 136 46 39 64 32 79 105 71 3 135 139 116 128 47 114 166 158 252 90 65 50 205 74 56 19 69 41 188 97 145 138 67 163 92 148 136 90 48 97 143 88 22 57 164 35 212 55 84 122 89 41 79 52 79 0 79 31 12 132 19 178 165 3 82 65 158 40 74 106 76 116 200 121 35 102 162 106 140 42 130 99 112 23 76 15 171 104 104 81 87 16 60 90 83 36 144 49 26 29 89 84 143 30 46 65 
4 80 21 81 45 80 122 102 128 55 25 61 11 30 61 86 17 87 80 76 91 83 69 80 90 7 46 44 118 164 62 82 111 132 35 182 73 69 11 57 56 55 76 61 23 72 125 83 187 83 71 49 123 131 154 106 200 80 128 103 153 13 64 94 107 102 136 86 66 85 12 107 35 92 89 165 128 43 88 23 78 127 111 70 159 86 27 44 142 118 22 71 122 79 0 91 91 164 60 122 112 82 76 75 105 75 25 56 23 38 147 65 88 53 109 180 87 42 52 127 34 74 89 65 118 112 41 94 30 63 115 12 26 115 91 102 95 85 11 138 87 85 62 55 
96 45 104 96 47 95 30 124 104 106 66 86 102 102 31 35 86 43 105 74 22 50 23 104 60 88 116 47 27 74 81 15 51 154 56 204 95 61 82 147 35 52 33 47 79 75 102 34 104 116 86 139 32 84 136 128 222 60 37 81 175 86 28 50 39 11 158 67 156 108 79 133 96 118 106 74 64 68 113 100 14 36 134 21 182 25 77 134 120 28 79 22 49 31 91 0 38 102 32 148 135 31 96 35 128 16 68 76 70 128 170 91 66 116 132 90 110 55 142 69 124 18 46 39 141 74 116 51 84 28 91 102 87 32 114 80 57 6 101 115 113 61 29 37 
96 14 104 134 71 133 30 162 66 119 69 123 103 104 53 73 87 81 142 74 59 87 28 141 97 90 116 62 64 74 81 23 88 191 62 241 132 60 83 149 52 52 71 45 85 112 65 9 142 146 123 141 51 121 173 165 259 97 72 44 212 87 63 13 76 48 195 104 158 145 80 170 99 155 143 87 36 104 150 101 29 63 171 42 219 62 90 135 83 34 85 59 86 12 91 38 0 139 31 185 172 10 94 72 165 47 81 113 83 128 207 128 39 114 169 99 147 54 142 106 124 29 83 27 178 111 116 88 93 28 54 102 90 24 151 42 20 36 101 78 150 23 53 72 
170 147 178 86 120 86 117 90 206 179 140 155 176 176 104 79 160 78 135 156 80 83 112 112 75 162 190 120 76 138 156 116 53 108 129 106 104 148 155 220 108 135 88 141 152 95 203 135 23 185 95 212 90 33 35 93 124 85 69 182 92 159 100 151 63 92 59 79 229 117 152 171 169 162 79 54 165 131 125 173 111 78 101 98 84 78 149 207 221 107 152 93 54 132 164 102 139 0 116 157 117 132 171 89 113 93 141 110 143 201 97 157 167 189 108 43 90 130 215 36 197 111 74 140 92 52 189 69 157 118 192 175 160 133 110 181 158 103 174 216 156 162 102 109 
63 32 71 110 47 109 61 138 90 94 44 99 71 71 29 48 56 56 118 42 36 63 9 117 73 57 84 38 60 105 49 22 65 167 38 217 108 32 51 116 28 20 47 25 61 88 89 22 131 122 99 108 65 98 149 141 235 73 70 67 188 55 39 37 53 43 171 80 125 121 48 146 74 131 119 106 67 80 126 69 18 68 147 18 195 38 66 103 106 60 61 35 67 19 60 32 31 116 0 161 148 22 64 48 141 23 56 89 58 97 183 104 52 84 145 122 123 23 111 82 93 13 59 26 154 87 85 64 69 3 78 71 65 55 127 66 44 25 70 102 126 48 29 48 
124 194 104 72 115 71 163 69 253 68 118 63 133 94 133 113 106 105 44 199 126 98 158 46 88 116 168 125 123 185 185 162 105 52 125 73 53 192 113 113 134 178 115 184 101 73 248 181 181 40 62 89 137 124 145 67 77 88 123 226 68 110 123 197 110 138 105 81 139 40 122 16 89 30 79 160 211 81 35 100 156 126 58 143 111 123 95 86 264 153 100 126 117 178 122 148 185 157 161 0 42 178 197 113 45 138 105 73 103 149 63 57 210 174 50 176 68 164 143 120 91 156 102 186 67 104 83 98 92 163 237 121 96 179 48 224 204 149 116 260 35 207 132 113 
113 183 93 41 104 42 152 27 242 63 107 52 122 83 122 102 96 94 33 189 115 87 147 33 76 106 158 114 111 173 175 150 87 19 114 69 40 181 103 108 122 167 102 173 90 60 236 168 140 70 49 99 124 84 104 25 87 75 105 215 40 99 110 184 97 125 63 68 130 27 111 56 78 47 38 120 198 70 24 90 144 113 16 130 69 110 85 95 254 140 90 113 90 165 112 135 172 117 148 42 0 165 187 100 7 125 95 61 93 139 35 48 200 164 9 135 27 154 133 81 84 143 89 173 25 65 76 85 82 150 225 111 86 166 21 214 191 136 106 249 42 195 120 101 
85 14 93 127 64 126 40 155 73 112 62 116 93 93 46 66 78 74 135 64 52 80 21 134 90 79 106 55 57 84 71 16 81 184 55 234 125 50 73 138 45 42 64 35 78 105 71 3 135 139 116 130 44 114 166 158 252 90 65 50 205 77 56 19 69 41 188 97 147 138 70 163 92 148 136 87 46 97 143 91 22 56 164 35 212 55 83 125 89 39 78 52 79 3 82 31 10 132 22 178 165 0 85 65 158 40 74 106 76 119 200 121 35 105 162 103 140 45 133 99 115 22 76 18 171 104 107 81 86 19 60 93 83 34 144 49 26 29 92 84 143 30 46 65 
77 83 97 150 87 149 126 178 102 132 84 138 68 107 70 92 93 98 156 22 97 104 73 156 115 83 30 78 124 170 15 86 118 207 78 257 148 36 86 88 68 44 88 50 98 129 72 86 194 158 140 112 129 140 191 181 275 114 134 56 228 88 79 96 114 107 211 122 64 160 77 182 110 167 160 170 131 118 163 98 82 132 186 76 234 93 102 115 82 124 97 78 128 82 76 96 94 171 64 197 187 85 0 89 180 81 95 129 97 50 222 140 58 23 184 186 162 41 58 135 109 77 101 67 193 128 116 106 105 67 88 78 101 118 166 60 97 89 83 82 162 78 70 88 
80 80 88 61 31 60 51 89 139 90 50 66 86 86 20 10 70 11 70 89 16 15 45 69 26 72 100 31 43 90 75 50 36 120 40 170 61 81 66 131 21 67 2 73 63 40 137 69 112 98 51 123 48 56 102 93 187 25 53 115 140 70 11 85 33 27 123 33 140 73 63 98 80 83 71 90 99 44 78 84 44 52 99 30 147 12 61 118 154 44 63 13 48 65 75 35 72 89 48 113 100 65 89 0 93 25 52 41 54 112 135 71 100 100 97 106 75 54 126 52 108 43 14 73 106 40 100 19 68 50 125 86 71 66 79 114 91 36 85 149 78 95 20 20 
106 175 86 34 96 35 145 23 234 66 100 45 115 76 114 95 89 86 26 182 107 79 139 26 68 99 151 106 103 165 168 142 80 26 106 76 33 174 96 111 115 160 95 166 83 53 229 161 136 74 42 102 117 80 100 21 94 68 98 208 47 92 103 177 90 118 59 61 123 20 104 60 71 51 34 116 191 63 17 83 137 106 12 123 65 103 78 98 247 133 83 106 83 158 105 128 165 113 141 45 7 158 180 93 0 118 88 54 86 132 42 47 193 157 5 131 23 147 126 77 88 136 82 166 21 61 80 78 75 143 218 104 79 159 14 207 184 129 99 242 46 188 113 94 
80 54 88 86 31 85 46 114 113 90 50 76 86 86 15 25 70 33 95 63 15 40 19 94 50 72 100 31 43 89 66 24 41 144 40 194 85 55 66 131 19 42 23 48 63 65 111 43 112 100 76 123 48 74 126 118 212 50 53 90 165 70 16 59 32 27 148 57 140 98 63 123 80 108 96 90 73 57 103 84 18 52 124 5 172 15 61 118 129 43 63 12 47 40 75 16 47 93 23 138 125 40 81 25 118 0 52 66 54 112 160 81 75 100 122 106 100 40 126 59 108 18 36 48 131 64 100 41 68 25 100 86 71 41 104 89 66 11 85 124 103 70 13 25 
28 88 36 56 21 55 98 84 147 38 12 43 35 35 37 62 19 63 62 95 67 59 53 62 66 22 65 21 95 141 81 59 88 114 19 164 55 87 15 81 33 74 53 80 12 47 144 77 164 66 46 73 100 108 129 88 182 56 105 122 135 19 41 93 84 79 119 62 90 68 18 90 29 75 67 142 107 25 71 33 55 104 94 47 142 63 10 68 161 95 11 48 99 74 25 68 81 141 56 105 95 74 95 52 88 52 0 34 2 62 130 48 107 72 92 157 70 61 76 104 56 52 66 82 101 88 48 71 16 58 134 36 19 92 74 121 100 62 34 157 70 104 39 32 
59 120 66 25 42 24 91 50 179 67 46 43 66 65 60 41 49 33 29 129 54 28 85 28 35 53 99 52 65 113 115 90 57 80 52 130 21 121 46 111 61 107 43 113 42 16 177 109 133 75 15 103 70 77 98 54 148 25 75 155 101 50 50 125 55 66 85 31 120 34 52 63 59 53 33 112 139 21 38 63 84 74 60 71 108 51 39 98 194 81 42 54 69 106 56 76 113 110 89 73 61 106 129 41 54 66 34 0 33 93 96 48 140 106 58 128 36 94 107 73 87 84 36 114 67 57 79 41 47 91 166 67 50 107 40 154 132 77 65 190 48 136 60 41 
26 90 33 58 23 57 100 82 149 36 14 41 33 32 39 64 16 65 60 97 69 61 55 60 68 20 67 23 97 143 83 61 90 112 21 162 53 89 13 78 35 76 55 82 9 49 146 79 166 64 48 70 102 110 131 86 180 58 107 124 133 17 43 95 86 81 117 64 87 66 20 88 26 73 66 144 109 23 69 30 57 106 92 49 140 65 8 65 163 97 9 50 101 76 23 70 83 143 58 103 93 76 97 54 86 54 2 33 0 60 128 46 109 74 90 159 68 63 74 106 54 54 68 84 99 90 46 73 14 60 136 34 17 94 72 123 102 64 32 159 68 106 41 34 
34 117 46 118 83 118 160 129 136 82 62 87 27 56 98 123 44 124 106 56 128 120 106 107 127 40 20 81 155 201 49 119 148 158 72 208 100 70 47 38 93 78 113 84 51 109 106 120 224 110 108 62 160 168 191 133 226 117 165 90 179 44 101 130 144 139 164 123 28 113 49 134 61 119 126 202 165 72 115 49 115 164 139 107 187 123 55 65 120 155 51 108 159 116 38 128 128 201 97 149 139 119 50 112 132 112 62 93 60 0 174 92 92 27 136 217 115 75 15 164 60 110 126 101 146 149 67 131 57 100 122 28 53 152 119 94 131 122 33 117 114 112 99 92 
149 218 129 75 139 76 188 47 276 94 142 88 158 119 156 136 132 128 68 224 149 121 181 68 110 141 193 148 145 207 210 184 121 16 148 33 75 216 138 139 157 202 137 208 125 95 271 203 120 91 84 120 159 90 84 42 51 110 139 250 5 134 145 219 132 160 43 103 165 62 146 77 113 68 64 126 233 105 59 125 179 148 36 165 49 145 120 116 289 175 125 148 124 200 147 170 207 97 183 63 35 200 222 135 42 160 130 96 128 174 0 83 235 199 38 117 61 189 168 104 117 178 124 208 29 98 109 120 117 185 260 146 121 201 56 249 226 171 141 284 63 230 155 136 
65 135 46 72 57 71 117 69 194 19 60 5 74 36 75 80 49 81 24 142 86 76 100 46 84 59 111 67 113 160 128 105 105 67 66 117 53 135 55 64 76 121 71 127 43 64 191 124 181 27 62 55 118 124 145 67 135 73 123 169 88 52 65 140 103 97 105 79 82 40 64 42 31 27 79 160 154 27 32 43 99 122 59 86 112 82 38 51 207 114 43 69 117 121 65 91 128 157 104 57 48 121 140 71 47 81 48 48 46 92 83 0 153 117 52 176 68 107 86 120 41 99 84 129 68 104 33 89 35 106 180 64 39 122 48 167 147 92 59 203 22 150 75 56 
89 25 109 162 99 161 69 190 44 144 95 150 82 119 81 100 105 108 168 36 87 115 56 168 125 95 78 89 92 113 43 51 116 219 89 269 160 22 99 113 79 33 99 27 111 140 36 32 170 171 151 126 79 149 201 193 287 125 100 15 240 101 90 39 104 76 223 132 121 173 90 195 123 180 171 117 75 131 176 111 57 91 199 70 247 90 115 128 54 68 110 87 114 35 88 66 39 167 52 210 200 35 58 100 193 75 107 140 109 92 235 153 0 78 197 133 175 46 107 134 122 57 111 27 206 139 129 116 118 50 31 91 114 63 179 14 40 64 96 50 175 21 80 99 
53 103 73 128 70 126 146 155 122 109 60 114 44 83 85 110 69 111 132 42 115 107 93 132 115 59 7 69 143 189 35 106 136 184 60 234 125 56 63 65 81 64 101 70 75 107 92 106 212 135 118 89 148 156 179 158 252 105 153 76 205 65 89 116 132 127 188 111 43 137 54 159 87 144 138 190 151 95 140 75 102 152 163 95 211 111 79 92 102 143 74 96 147 102 53 116 114 189 84 174 164 105 23 100 157 100 72 106 74 27 199 117 78 0 161 205 139 61 35 152 86 97 114 87 170 137 93 119 82 87 108 55 78 138 143 80 117 109 60 102 139 98 87 80 
110 180 90 38 101 39 149 18 239 71 104 49 119 80 119 99 93 91 30 186 112 84 144 30 73 103 155 111 108 170 172 147 84 22 111 72 37 178 100 116 119 164 99 170 87 57 233 165 130 79 46 107 121 75 94 15 90 72 102 212 43 96 107 181 94 122 53 65 128 25 108 65 75 56 29 110 195 67 21 87 141 110 7 127 60 107 82 103 251 137 87 110 87 162 109 132 169 108 145 50 9 162 184 97 5 122 92 58 90 136 38 52 197 161 0 126 23 151 130 72 93 140 86 170 16 61 85 82 79 147 222 108 83 163 18 211 188 133 103 246 51 192 117 98 
188 108 196 105 138 105 75 109 165 197 158 173 194 194 121 97 177 95 154 166 91 100 114 131 93 179 207 137 63 96 172 102 71 127 146 149 123 152 172 237 125 143 105 138 169 113 163 103 44 203 114 229 59 52 78 111 167 103 53 143 122 176 117 111 74 79 102 98 246 136 169 190 186 181 98 16 123 149 144 190 104 55 119 111 127 94 166 223 180 65 168 109 59 106 180 90 99 43 122 176 135 103 186 106 131 106 157 128 159 217 117 176 133 205 126 0 109 145 231 55 213 108 92 121 111 71 205 87 173 118 152 191 176 91 129 141 118 96 190 176 175 122 118 125 
87 157 88 15 78 16 127 14 216 88 82 64 96 87 96 76 71 68 45 164 89 61 121 22 50 81 133 88 85 147 150 124 61 45 88 95 15 156 78 133 97 142 77 148 65 35 211 143 114 96 24 124 99 58 78 19 113 50 79 190 66 74 85 159 72 100 49 43 142 28 86 82 81 73 11 93 173 45 36 85 119 88 25 105 73 85 60 119 229 115 65 88 64 140 87 110 147 90 123 68 27 140 162 75 23 100 70 36 68 115 61 68 175 139 23 109 0 129 128 54 108 118 64 148 32 38 100 60 68 125 200 89 71 141 20 189 166 111 87 224 67 170 95 76 
43 42 63 115 52 114 84 143 85 97 49 103 48 72 35 55 59 62 122 35 55 69 32 122 79 49 61 43 83 128 26 45 78 173 43 223 114 26 53 95 33 13 52 19 65 94 83 45 152 125 105 87 88 104 155 147 241 79 93 61 194 55 44 56 72 66 177 86 104 127 44 149 77 134 125 129 90 85 130 65 41 91 153 35 201 52 69 83 100 83 64 41 87 42 42 55 54 130 23 164 154 45 41 54 147 40 61 94 63 75 189 107 46 61 151 145 129 0 90 94 76 36 65 27 160 93 83 70 72 26 73 51 68 78 133 60 57 48 50 96 129 43 34 53 
48 131 41 133 98 133 175 130 151 76 77 81 42 50 113 138 58 139 100 71 143 135 121 107 142 54 30 95 169 215 64 133 162 152 86 202 114 85 61 31 107 93 127 99 65 123 121 135 238 104 122 55 174 182 205 130 220 131 179 105 173 58 115 145 158 153 166 137 13 107 63 128 55 113 140 216 179 86 109 44 129 178 134 121 183 137 68 58 132 169 65 122 173 130 52 142 142 215 111 143 133 133 58 126 126 126 76 107 74 15 168 86 107 35 130 231 128 90 0 178 53 124 140 116 142 163 61 145 61 114 137 40 57 166 114 109 146 136 42 132 108 127 113 106 
133 114 141 49 84 49 84 57 173 142 103 118 139 139 68 43 123 41 98 123 47 46 79 75 38 125 153 83 43 105 120 83 18 88 92 138 67 115 118 183 71 102 51 108 115 58 170 102 59 148 58 175 57 15 68 62 156 48 36 149 109 122 63 118 30 59 92 43 192 80 115 134 132 125 43 39 132 94 88 136 78 45 68 65 116 44 112 170 188 74 115 57 21 99 127 69 106 36 82 120 81 99 135 52 77 59 104 73 106 164 104 120 134 152 72 55 54 94 178 0 160 77 38 107 75 16 152 33 120 84 159 138 123 100 73 148 125 70 137 183 119 129 66 72 
33 113 22 113 79 112 155 110 162 23 59 46 42 22 94 119 38 120 65 110 124 116 102 87 123 36 79 77 151 197 96 115 144 101 68 151 94 103 42 23 89 89 109 95 45 104 159 116 220 51 103 14 156 164 186 108 169 113 161 137 122 39 97 127 140 135 146 119 48 81 45 75 28 61 120 198 161 66 73 25 111 160 100 103 153 119 48 10 176 151 45 104 155 112 34 124 124 197 93 91 84 115 109 108 88 108 56 87 54 60 117 41 122 86 93 213 108 76 53 160 0 106 122 99 109 144 8 127 40 96 149 32 37 148 89 136 128 118 27 172 56 119 95 88 
77 36 85 105 42 104 48 133 95 90 49 94 85 85 24 43 69 51 113 56 31 58 5 112 68 71 98 33 45 92 63 8 60 162 39 212 103 42 65 130 23 34 42 30 62 83 93 25 117 117 94 122 50 93 144 136 230 68 55 72 183 69 34 41 48 29 166 75 139 116 62 141 79 126 114 92 55 75 121 83 4 54 142 13 190 33 62 117 111 46 62 30 58 23 74 18 29 111 13 156 143 22 77 43 136 18 52 84 54 110 178 99 57 97 140 108 118 36 124 77 106 0 54 31 149 82 98 59 67 10 82 84 70 42 122 71 48 12 83 106 121 52 24 43 
94 92 102 49 45 48 61 77 151 104 64 80 100 100 31 11 84 3 62 100 24 8 56 57 14 86 114 45 29 83 86 60 21 108 54 158 49 92 80 145 33 78 13 84 77 29 147 79 97 111 40 137 35 41 90 82 176 14 39 126 129 84 25 95 18 36 112 21 154 62 77 99 94 90 60 76 109 57 67 98 55 38 88 41 136 21 75 132 165 51 77 24 33 76 89 46 83 74 59 102 89 76 101 14 82 36 66 36 68 126 124 84 111 114 86 92 64 65 140 38 122 54 0 84 95 28 114 5 82 61 136 100 85 77 68 125 102 47 99 160 84 106 31 34 
69 15 85 136 73 134 57 163 65 119 70 125 74 94 54 74 81 82 143 45 60 88 30 142 98 71 87 63 65 101 52 24 89 192 64 242 133 31 74 121 54 23 72 17 86 113 63 18 143 147 124 114 62 122 174 166 260 98 73 42 213 77 64 29 77 49 196 105 130 146 65 171 99 156 144 105 63 105 151 87 30 67 172 43 220 63 91 109 81 56 86 60 87 15 65 39 27 140 26 186 173 18 67 73 166 48 82 114 84 101 208 129 27 87 170 121 148 27 116 107 99 31 84 0 179 112 105 89 94 24 53 77 90 51 152 41 30 37 76 77 151 22 54 73 
119 189 102 46 110 47 159 18 247 87 113 63 128 92 127 107 102 99 44 195 120 92 152 39 81 112 164 119 116 178 181 155 92 16 119 62 46 187 109 132 128 173 108 179 96 66 242 174 115 95 55 123 130 61 79 13 80 81 110 221 34 105 116 190 103 131 38 74 142 35 117 82 87 72 35 97 204 76 36 99 150 119 9 136 44 116 91 119 260 146 96 119 95 171 118 141 178 92 154 67 25 171 193 106 21 131 101 67 99 146 29 68 206 170 16 111 32 160 142 75 109 149 95 179 0 69 101 91 89 156 231 119 93 172 28 220 197 142 114 255 67 201 126 107 
117 119 125 33 67 33 89 51 178 125 87 101 123 123 59 39 107 31 82 128 52 30 84 59 22 109 137 68 48 110 114 88 23 82 77 132 51 120 103 168 60 106 41 112 100 42 175 107 75 132 42 160 62 20 63 56 150 32 41 154 103 107 49 123 35 64 86 27 177 64 100 118 117 109 34 55 137 78 72 120 83 50 62 69 110 49 96 155 193 79 99 52 26 104 112 74 111 52 87 104 65 104 128 40 61 64 88 57 90 149 98 104 139 137 61 71 38 93 163 16 144 82 28 112 69 0 136 23 104 89 164 123 107 105 57 153 130 75 122 188 103 134 59 57 
40 111 21 105 71 104 147 102 169 15 50 38 49 14 86 111 30 112 57 117 116 108 94 79 115 34 86 69 143 189 103 107 136 93 60 143 86 110 34 31 81 96 101 102 37 96 166 108 212 43 95 22 148 156 178 100 161 105 153 144 114 31 89 120 132 127 138 111 56 73 40 67 20 53 112 190 153 58 65 18 103 152 92 95 145 111 40 18 183 143 37 96 147 104 41 116 116 189 85 83 76 107 116 100 80 100 48 79 46 67 109 33 129 93 85 205 100 83 61 152 8 98 114 105 101 136 0 119 32 88 156 39 29 140 81 143 124 110 34 179 48 126 87 80 
99 96 107 45 50 44 66 73 155 109 69 85 105 105 36 16 89 8 67 105 29 13 61 52 10 91 119 50 26 88 91 65 16 104 59 154 45 97 85 150 38 83 18 89 82 26 152 84 92 116 36 142 40 36 86 78 172 17 34 131 125 89 30 100 13 41 108 17 159 58 82 104 99 95 56 71 114 62 63 103 60 33 84 46 132 26 80 137 170 56 82 29 28 81 94 51 88 69 64 98 85 81 106 19 78 41 71 41 73 131 120 89 116 119 82 87 60 70 145 33 127 59 5 89 91 23 119 0 87 66 141 105 90 82 64 130 107 52 104 165 89 111 36 39 
29 100 20 72 37 71 114 72 158 25 25 30 38 18 53 78 13 79 49 106 83 75 65 50 82 23 75 37 111 157 92 75 104 101 31 151 53 99 20 64 49 85 69 91 8 63 155 89 180 53 62 56 116 124 145 76 169 72 121 133 122 17 57 105 100 95 107 78 74 56 29 77 12 62 79 158 122 26 58 17 71 120 82 63 130 79 8 51 172 111 8 64 115 87 30 84 93 157 69 92 82 86 105 68 75 68 16 47 14 57 117 35 118 82 79 173 68 72 61 120 40 67 82 94 89 104 32 87 0 71 145 30 4 108 62 132 112 78 25 168 57 115 55 48 
66 30 74 112 49 111 58 140 88 96 46 101 74 74 31 50 59 58 120 45 38 65 6 119 75 60 87 40 55 102 52 18 67 169 40 219 110 32 54 119 30 23 49 23 63 90 87 19 127 124 101 111 60 100 151 143 237 75 65 65 190 58 41 35 55 39 173 82 128 123 51 148 76 133 121 102 64 82 128 72 14 64 149 20 197 40 68 106 104 56 63 37 65 16 63 28 28 118 3 163 150 19 67 50 143 25 58 91 60 100 185 106 50 87 147 118 125 26 114 84 96 10 61 24 156 89 88 66 71 0 76 74 67 52 129 64 42 22 73 100 128 46 31 50 
116 47 136 189 126 187 78 216 13 171 122 177 109 146 107 127 132 135 195 67 113 141 82 195 151 122 109 116 118 82 74 77 142 245 116 295 186 53 126 144 106 60 125 54 138 166 17 58 196 198 177 153 105 175 227 219 313 151 126 32 266 128 117 41 129 101 248 157 151 198 117 222 150 207 196 140 45 157 203 138 82 116 224 95 272 115 142 155 28 87 137 112 139 60 115 91 54 192 78 237 225 60 88 125 218 100 134 166 136 122 260 180 31 108 222 152 200 73 137 159 149 82 136 53 231 164 156 141 145 76 0 118 141 61 204 28 34 89 123 24 202 31 106 125 
8 91 18 93 58 92 134 102 130 54 37 59 11 28 73 98 18 99 78 79 103 95 81 80 102 14 48 55 129 175 65 93 122 130 46 180 74 71 21 45 67 58 87 64 25 83 128 95 198 82 82 37 134 142 165 106 198 91 139 106 151 18 75 105 118 113 137 97 53 86 23 106 33 91 100 176 139 46 87 21 89 138 112 81 160 97 29 37 145 129 25 82 133 90 12 102 102 175 71 121 111 93 78 86 104 86 36 67 34 28 146 64 91 55 108 191 89 51 40 138 32 84 100 77 119 123 39 105 30 74 118 0 26 126 92 105 106 96 5 141 86 89 73 66 
25 96 16 75 40 74 117 76 154 29 21 34 34 15 56 81 9 82 53 102 86 78 65 54 85 19 71 40 114 160 88 78 107 105 31 155 56 95 16 61 52 81 72 87 8 66 151 86 183 57 65 52 119 127 148 80 173 75 124 129 126 13 60 102 103 98 111 81 70 60 25 81 9 66 82 161 125 29 62 13 74 123 86 66 134 82 11 48 168 114 8 67 118 83 26 87 90 160 65 96 86 83 101 71 79 71 19 50 17 53 121 39 114 78 83 176 71 68 57 123 37 70 85 90 93 107 29 90 4 67 141 26 0 111 66 128 109 81 21 164 61 111 58 51 
119 38 127 127 71 126 16 155 73 130 90 117 126 126 55 66 110 74 136 98 53 81 47 135 91 112 140 71 57 50 105 34 82 185 80 235 126 84 106 171 59 76 64 69 103 106 72 33 135 141 117 163 43 115 167 159 253 91 64 65 206 110 57 24 70 41 189 98 180 139 103 164 120 149 137 79 32 98 144 124 38 55 165 45 213 56 101 158 89 26 103 53 79 36 115 32 24 133 55 179 166 34 118 66 159 41 92 107 94 152 201 122 63 138 163 91 141 78 166 100 148 42 77 51 172 105 140 82 108 52 61 126 111 0 145 61 27 30 125 85 144 42 53 66 
91 161 74 24 82 24 131 21 220 68 87 44 100 67 100 81 75 72 25 168 93 65 125 12 54 85 137 92 89 151 154 128 66 40 92 90 19 160 82 113 101 146 81 152 69 39 215 147 133 76 28 104 103 77 98 19 108 54 84 194 61 78 89 163 76 104 57 47 123 8 90 62 61 53 31 113 177 49 16 71 123 92 20 109 69 89 64 99 233 119 69 92 71 144 91 114 151 110 127 48 21 144 166 79 14 104 74 40 72 119 56 48 179 143 18 129 20 133 114 73 89 122 68 152 28 57 81 64 62 129 204 92 66 145 0 193 170 115 87 228 47 174 99 80 
103 35 123 176 113 175 67 204 41 158 109 164 96 133 95 114 119 122 182 38 101 129 70 182 139 109 80 103 106 110 46 65 130 233 103 283 174 35 113 118 93 47 113 41 125 154 22 46 184 185 165 140 93 163 215 207 301 139 114 4 254 115 104 37 118 90 237 146 123 187 104 209 137 194 185 130 73 145 190 125 71 105 213 84 261 104 129 142 40 77 124 101 128 49 102 80 42 181 66 224 214 49 60 114 207 89 121 154 123 94 249 167 14 80 211 141 189 60 109 148 136 71 125 41 220 153 143 130 132 64 28 105 128 61 193 0 38 78 110 36 189 19 94 113 
98 15 106 154 91 152 43 181 46 138 88 143 104 113 72 92 100 100 161 75 78 106 47 160 116 92 117 81 83 73 82 42 107 210 81 260 151 61 93 151 71 53 90 47 104 131 45 23 161 165 142 143 70 140 192 184 278 116 91 42 231 96 82 7 95 67 214 123 160 164 84 189 118 174 162 106 35 123 169 106 48 82 190 61 238 81 109 138 62 53 104 78 105 26 95 57 20 158 44 204 191 26 97 91 184 66 100 132 102 131 226 147 40 117 188 118 166 57 146 125 128 48 102 30 197 130 124 107 112 42 34 106 109 27 170 38 0 55 105 58 169 19 72 91 
89 43 97 97 41 96 36 125 102 100 60 87 96 96 25 36 80 44 106 68 23 51 17 105 61 82 110 41 33 80 75 13 52 155 50 205 96 54 76 141 29 46 34 41 73 76 100 32 106 111 87 133 38 85 137 129 223 61 43 79 176 80 27 48 40 17 159 68 150 109 73 134 90 119 107 80 62 68 114 94 8 42 135 15 183 26 71 128 118 34 73 23 50 29 85 6 36 103 25 149 136 29 89 36 129 11 62 77 64 122 171 92 64 109 133 96 111 48 136 70 118 12 47 37 142 75 110 52 78 22 89 96 81 30 115 78 55 0 95 113 114 59 23 36 
7 90 13 91 56 91 133 97 135 49 36 54 16 23 72 97 16 98 73 84 102 94 80 75 101 13 53 54 128 174 70 92 121 125 45 175 72 76 20 46 66 63 86 69 23 82 133 94 197 77 81 37 133 141 164 101 193 90 138 111 146 17 74 104 117 112 132 96 55 81 22 101 28 86 98 175 138 44 82 16 88 137 107 80 155 96 27 33 150 128 23 81 132 89 11 101 101 174 70 116 106 92 83 85 99 85 34 65 32 33 141 59 96 60 103 190 87 50 42 137 27 83 99 76 114 122 34 104 25 73 123 5 21 125 87 110 105 95 0 146 81 93 72 65 
139 71 159 212 149 211 101 240 21 194 145 200 132 169 131 150 155 158 218 64 137 165 106 218 175 145 102 139 142 90 78 101 166 269 139 319 210 71 149 153 129 83 149 77 161 190 14 82 220 221 201 176 128 199 251 243 337 175 149 35 290 151 140 65 153 125 272 181 145 222 140 245 173 230 220 164 53 181 226 161 106 140 248 119 296 139 165 178 4 111 160 136 163 84 138 115 78 216 102 260 249 84 82 149 242 124 157 190 159 117 284 203 50 102 246 176 224 96 132 183 172 106 160 77 255 188 179 165 168 100 24 141 164 85 228 36 58 113 146 0 225 55 130 149 
87 157 68 71 79 70 129 68 216 33 82 27 96 58 97 81 71 81 23 164 92 76 122 45 83 81 133 89 113 161 150 127 104 52 88 95 52 157 77 78 98 143 80 149 65 64 213 146 180 28 61 57 118 123 144 66 112 73 122 191 68 74 87 162 103 104 104 79 104 39 86 19 53 5 78 159 176 46 31 65 121 122 58 108 111 89 60 53 229 119 65 91 116 143 87 113 150 156 126 35 42 143 162 78 46 103 70 48 68 114 63 22 175 139 51 175 67 129 108 119 56 121 84 151 67 103 48 89 57 128 202 86 61 144 47 189 169 114 81 225 0 172 97 78 
86 16 106 157 94 156 49 185 43 140 92 146 85 115 76 96 102 104 165 56 82 110 51 164 120 92 98 85 87 92 63 46 111 214 85 264 155 42 96 132 75 34 94 28 108 135 41 27 165 168 146 126 74 144 196 188 282 120 95 23 235 98 86 18 99 71 218 127 141 168 87 192 120 177 166 110 54 127 173 108 52 86 194 65 242 85 112 126 59 57 107 82 109 30 85 61 23 162 48 207 195 30 78 95 188 70 104 136 106 112 230 150 21 98 192 122 170 43 127 129 119 52 106 22 201 134 126 111 115 46 31 89 111 42 174 19 19 59 93 55 172 0 76 95 
67 60 75 80 18 79 59 108 119 77 37 70 73 73 2 23 57 28 89 69 28 35 25 88 45 59 87 18 55 102 55 30 49 139 27 189 80 60 53 118 6 47 18 53 50 60 117 49 125 93 71 110 60 70 121 113 207 45 65 95 160 57 10 65 45 39 143 52 127 93 50 117 67 102 91 102 79 51 98 71 24 64 119 11 167 24 48 105 134 56 50 9 60 46 62 29 53 102 29 132 120 46 70 20 113 13 39 60 41 99 155 75 80 87 117 118 95 34 113 66 95 24 31 54 126 59 87 36 55 31 106 73 58 53 99 94 72 23 72 130 97 76 0 19 
60 79 67 61 11 60 66 89 138 70 30 51 66 66 19 30 50 31 70 88 35 27 44 69 35 52 80 11 62 109 74 49 56 120 20 170 61 79 46 111 20 66 21 72 43 41 136 68 132 79 52 103 67 76 103 94 188 26 72 114 141 50 9 84 52 46 124 34 120 74 43 98 60 83 72 109 98 32 79 64 43 71 100 30 148 31 41 98 153 63 43 16 67 65 55 37 72 109 48 113 101 65 88 20 94 25 32 41 34 92 136 56 99 80 98 125 76 53 106 72 88 43 34 73 107 57 80 39 48 50 125 66 51 66 80 113 91 36 65 149 78 95 19 0 
