20
143
200 195 180 185 190 190 200 195 180 185 190 185 200 180 180 195 200 190 180 200
20 10 8 6 1 19 13 24 15 13 10 4 12 21 2 10 20 9 24 19 13 14 17 25 1 9 12 22 2 21 8 19 24 24 2 20 20 5 17 4 21 3 16 14 6 5 12 23 12 18 24 3 3 25 22 25 15 18 8 20 18 5 25 16 14 1 15 22 6 24 19 12 13 10 12 13 25 12 2 11 10 9 21 14 15 6 25 14 17 8 4 17 23 4 4 9 9 19 12 25 8 13 3 6 11 24 16 21 25 10 2 13 14 19 16 23 13 24 17 8 12 6 20 20 24 10 18 10 15 12 22 11 14 9 6 23 8 22 7 15 22 7 14
0 48 72 173 69 46 134 128 118 137 86 115 86 16 54 128 56 188 86 83 13 132 121 46 148 132 120 130 135 48 66 20 30 129 142 19 61 129 104 119 20 142 41 75 42 42 95 44 113 129 187 25 114 66 51 37 146 32 66 38 137 25 143 6 74 92 51 49 91 47 59 55 120 109 69 5 63 87 35 125 46 145 8 117 1 42 51 80 54 114 26 29 97 41 37 147 106 68 58 35 144 132 163 132 23 110 12 50 125 140 68 15 145 94 82 169 45 185 79 127 69 130 73 22 52 89 99 151 113 71 67 85 114 73 40 14 97 10 65 113 98 104 117 68 
48 0 71 172 68 94 134 127 143 136 85 115 85 53 53 127 56 187 85 50 35 131 120 45 147 131 120 129 134 6 18 60 57 128 141 34 109 128 103 118 31 141 40 74 67 42 94 4 161 128 186 33 113 66 24 40 145 26 65 32 136 73 142 42 73 92 59 66 127 74 58 54 119 108 68 53 62 64 81 124 34 96 40 116 48 43 99 128 55 113 53 24 96 39 38 146 105 41 57 20 143 131 162 131 63 109 35 69 124 139 53 47 144 93 81 120 93 184 127 126 116 129 72 30 56 137 98 150 112 50 19 84 113 81 43 39 49 45 69 112 92 103 164 67 
72 71 0 100 3 86 98 55 77 64 78 48 61 88 16 56 68 116 14 100 80 60 49 29 76 60 123 63 110 77 84 51 41 57 70 90 50 56 85 68 50 70 48 51 29 27 77 67 96 57 115 96 70 42 68 32 121 96 33 102 65 61 71 71 18 78 122 22 62 118 62 43 100 43 59 69 7 103 105 121 62 161 73 114 71 113 78 69 125 43 44 48 101 109 108 92 43 84 55 89 73 63 91 61 93 40 72 21 55 68 84 85 73 70 51 185 95 113 62 56 52 81 51 92 18 74 44 80 58 87 84 16 44 15 28 55 114 80 5 45 112 33 100 31 
173 172 100 0 103 186 130 44 56 66 110 57 94 188 116 44 116 16 85 133 180 40 53 125 86 39 154 94 141 177 178 151 141 80 60 190 150 43 117 99 150 56 130 96 129 127 109 167 106 50 29 196 101 105 147 132 152 196 105 202 35 161 75 171 97 110 222 122 81 218 112 116 132 75 103 169 107 136 205 153 137 193 173 146 171 213 178 169 225 56 144 146 132 209 208 123 76 130 113 189 100 93 20 67 193 72 172 121 77 31 119 185 28 102 90 217 195 14 127 44 117 112 97 192 118 171 76 43 90 122 163 85 67 98 128 155 166 180 105 76 144 66 90 102 
69 68 3 103 0 83 96 58 78 67 76 50 59 85 13 59 66 119 17 98 77 63 52 28 79 63 121 61 108 74 83 48 38 60 73 87 48 59 83 66 47 73 47 49 26 24 75 64 97 60 118 93 68 40 67 29 119 93 31 99 68 58 74 68 16 76 119 19 64 115 60 42 98 42 57 66 4 101 102 119 61 159 70 112 68 110 75 67 122 46 41 45 99 106 105 90 42 83 54 86 76 64 94 64 90 43 69 18 58 71 82 82 76 68 49 183 92 116 64 59 53 79 49 89 15 75 42 83 57 85 83 17 47 16 25 52 113 77 5 46 111 36 101 29 
46 94 86 186 83 0 149 141 132 150 107 130 100 42 68 142 97 202 100 129 59 146 135 60 162 146 152 144 149 94 112 34 44 143 156 60 35 142 119 133 62 156 78 89 56 57 109 89 80 143 201 60 128 81 97 54 160 77 80 83 151 23 157 52 88 108 38 63 105 34 91 72 135 123 88 41 77 132 21 151 91 190 54 143 46 70 7 35 79 128 40 74 130 86 72 162 120 113 84 81 158 146 177 146 31 124 58 64 139 154 113 46 159 108 96 214 11 199 58 141 68 144 88 63 67 44 113 165 127 116 112 99 128 87 55 53 142 49 80 127 141 118 96 82 
134 134 98 130 96 149 0 98 174 62 47 145 48 150 85 100 76 134 91 82 143 104 76 88 42 143 25 34 12 139 139 114 104 47 67 153 142 98 29 29 112 71 92 58 100 91 38 130 192 78 101 158 27 67 108 96 23 159 68 165 107 125 52 133 79 40 184 99 158 180 73 77 13 54 63 133 93 67 168 24 98 64 135 17 134 175 142 161 187 90 107 108 36 171 170 14 54 91 74 152 28 35 107 60 155 57 134 102 50 133 79 147 99 39 51 88 159 116 158 149 148 16 59 154 88 170 54 84 38 82 124 81 60 111 92 118 127 142 100 51 41 122 195 67 
128 127 55 44 58 141 98 0 76 34 78 47 61 143 71 2 71 60 41 100 135 6 20 81 54 45 122 62 109 132 134 106 96 48 28 145 105 1 85 67 105 24 86 52 84 82 77 122 95 17 60 151 69 60 103 87 120 151 61 157 11 116 43 126 53 78 177 77 62 173 68 71 100 43 60 124 62 104 160 121 92 161 128 114 126 168 133 124 180 12 99 102 100 164 163 91 43 86 69 144 68 61 36 34 148 39 127 76 44 37 85 140 18 70 52 185 150 58 84 53 74 79 53 147 73 128 43 25 57 88 118 41 34 54 83 110 122 135 60 43 112 25 99 58 
118 143 77 56 78 132 174 76 0 110 154 29 137 134 90 74 144 72 84 176 127 70 96 106 130 30 198 138 185 143 161 98 88 124 104 137 96 74 161 143 111 100 125 127 76 101 153 138 51 93 74 143 145 118 145 103 196 144 109 150 64 109 119 119 94 154 169 76 27 165 138 120 176 119 135 117 80 179 153 197 139 237 121 190 119 160 124 114 172 82 92 123 176 157 155 167 119 161 132 138 144 137 64 110 141 115 120 73 120 38 160 133 72 146 127 261 142 70 72 22 63 155 127 140 86 117 119 87 133 163 161 92 110 62 98 104 191 128 73 119 188 50 34 107 
137 136 64 66 67 150 62 34 110 0 50 81 50 152 80 36 79 72 49 85 144 40 14 89 20 79 87 27 74 141 142 115 105 14 6 154 114 35 51 33 114 10 94 60 93 91 43 131 129 17 52 160 35 69 111 96 85 160 70 166 45 125 9 135 61 44 186 86 96 182 76 80 65 26 66 133 71 71 169 86 101 126 137 79 135 177 142 133 189 28 108 110 66 173 172 56 28 94 77 153 34 27 46 2 157 23 136 85 11 71 81 149 38 41 52 150 159 55 97 87 87 45 61 156 82 137 34 23 24 84 127 49 18 62 92 119 129 144 69 20 78 59 133 65 
86 85 78 110 76 107 47 78 154 50 0 125 17 102 65 80 29 116 71 35 95 84 57 48 62 123 45 43 49 91 91 73 69 43 56 105 121 79 18 33 65 58 44 26 80 53 9 83 173 60 102 111 28 35 61 52 60 111 44 117 89 86 57 86 59 7 137 79 140 133 26 34 34 35 18 85 73 26 121 44 51 83 88 37 87 128 111 140 140 71 65 60 23 124 123 61 35 44 27 105 58 46 90 48 108 38 87 82 41 115 32 100 82 9 26 107 112 101 139 131 129 44 26 107 67 149 35 68 28 35 77 61 42 92 54 71 80 95 80 33 35 103 177 46 
115 115 48 57 50 130 145 47 29 81 125 0 108 131 61 44 116 73 54 147 125 41 67 77 101 17 168 108 155 121 132 95 85 95 75 134 94 45 132 114 95 71 96 99 73 72 124 112 50 64 73 140 116 90 116 77 166 141 80 147 36 106 90 116 65 125 166 66 25 162 109 91 146 90 107 114 52 151 150 167 110 207 118 160 116 157 122 113 169 53 89 94 147 154 152 137 90 132 103 134 115 108 50 81 138 86 117 65 91 25 132 130 44 117 98 231 140 70 71 13 61 126 99 137 62 115 90 59 104 135 132 63 81 42 73 100 162 125 49 90 159 21 53 78 
86 85 61 94 59 100 48 61 137 50 17 108 0 102 48 63 29 103 54 39 95 67 41 39 62 106 61 43 49 91 91 65 56 43 56 105 106 62 24 33 65 57 44 10 63 43 16 83 156 45 102 111 29 19 61 47 60 111 27 117 72 77 57 86 42 17 137 62 123 133 26 30 39 23 16 84 56 43 120 60 51 100 88 53 86 128 96 124 140 55 59 60 40 124 123 62 21 44 27 105 58 46 79 47 108 25 87 65 40 98 32 100 66 9 9 124 110 100 122 114 112 45 11 107 50 133 18 66 28 35 77 45 29 75 44 70 80 95 63 28 52 86 160 29 
16 53 88 188 85 42 150 143 134 152 102 131 102 0 70 144 72 203 102 87 17 148 137 62 164 148 136 145 151 52 70 36 46 145 158 18 57 144 120 135 36 158 57 91 58 58 111 48 109 145 203 18 130 82 55 53 162 35 82 41 153 25 159 15 90 108 36 65 107 31 75 71 136 125 85 17 79 91 29 141 51 148 13 133 15 28 47 76 39 130 42 41 113 44 30 163 122 72 74 39 160 148 179 148 11 126 17 66 141 156 73 4 161 110 98 172 41 201 76 143 70 146 89 21 68 85 115 167 129 76 70 101 130 89 56 30 100 7 81 129 110 120 114 84 
54 53 16 116 13 68 85 71 90 80 65 61 48 70 0 72 55 131 30 87 63 76 65 16 92 76 109 74 97 59 71 34 25 73 86 73 57 72 72 64 33 86 35 38 14 11 64 51 108 73 131 79 60 29 55 16 108 79 20 85 81 45 87 54 20 65 105 14 74 101 49 30 87 55 46 53 9 90 89 108 49 148 56 101 55 96 62 76 108 59 28 33 88 92 91 93 52 71 42 73 89 77 107 77 76 56 55 17 71 84 71 68 89 57 38 172 79 129 74 72 64 76 38 75 3 85 46 96 60 74 71 30 60 28 12 39 101 63 16 59 99 49 112 18 
128 127 56 44 59 142 100 2 74 36 80 44 63 144 72 0 72 60 42 102 135 4 22 82 56 43 123 63 110 131 135 106 97 50 30 145 106 1 87 69 105 26 87 54 85 83 79 123 93 19 59 151 71 61 104 88 121 151 62 157 9 117 45 126 54 80 177 78 59 173 69 72 101 45 62 125 63 106 161 122 93 162 128 115 127 168 134 125 180 13 100 103 102 164 163 92 45 88 70 145 70 63 35 36 148 41 127 77 46 35 87 140 17 72 54 186 151 57 84 51 75 81 55 147 74 129 45 24 59 90 119 42 36 54 84 111 123 135 61 45 114 23 97 59 
56 56 68 116 66 97 76 71 144 79 29 116 29 72 55 72 0 131 61 31 66 76 65 38 91 114 63 72 78 62 62 62 59 72 85 75 111 72 47 62 36 86 19 18 69 43 38 53 163 73 131 81 57 25 32 42 89 82 34 88 81 76 86 57 49 36 107 69 129 103 5 23 63 52 13 57 63 35 91 68 22 93 59 61 57 98 101 130 110 62 55 32 41 95 93 90 50 18 10 75 87 75 107 76 79 54 58 72 69 106 17 71 89 37 25 117 96 129 129 122 119 73 17 78 57 139 42 95 56 20 48 51 58 82 44 43 51 66 70 56 46 93 167 36 
188 187 116 16 119 202 134 60 72 72 116 73 103 203 131 60 131 0 101 139 194 56 66 141 92 55 159 99 146 190 193 165 156 86 66 204 165 59 123 105 164 61 146 112 144 142 115 182 122 58 34 210 107 120 163 147 157 210 121 216 51 176 81 185 113 116 236 137 97 232 128 131 137 80 118 184 122 141 220 158 152 198 187 151 186 227 193 184 239 72 159 162 138 223 222 128 81 146 129 204 106 99 25 72 207 77 186 136 82 47 134 199 43 107 105 222 210 16 143 60 133 117 113 206 133 187 87 48 95 137 178 101 73 114 143 170 182 194 120 82 150 82 106 118 
86 85 14 85 17 100 91 41 84 49 71 54 54 102 30 42 61 101 0 92 93 46 35 40 62 53 115 56 103 89 92 64 55 43 55 103 64 42 78 61 63 56 45 44 43 41 70 81 102 43 101 109 63 35 63 46 114 109 26 115 51 75 57 84 12 71 135 36 69 131 55 37 93 36 52 83 21 96 119 114 57 154 86 107 85 126 92 83 138 29 58 61 94 122 121 85 36 78 49 103 63 56 77 47 106 33 85 35 41 55 77 98 59 63 44 178 109 99 69 61 59 74 44 105 32 88 37 66 51 80 79 9 31 22 42 69 108 93 19 38 106 33 107 24 
83 50 100 133 98 129 82 100 176 85 35 147 39 87 87 102 31 139 92 0 69 106 80 69 97 145 69 78 84 56 56 93 90 78 91 71 142 101 53 68 66 93 50 48 100 74 44 48 194 83 137 77 63 56 31 73 95 76 65 82 111 107 92 77 80 41 103 100 160 108 36 54 69 59 39 88 94 14 116 74 36 62 74 67 82 93 132 161 105 93 86 53 46 89 88 96 57 14 41 70 93 81 115 83 98 61 69 103 76 137 14 82 105 44 48 86 127 136 160 153 150 79 47 74 88 170 57 102 62 11 43 82 65 113 75 74 45 79 101 64 42 124 198 67 
13 35 80 180 77 59 143 135 127 144 95 125 95 17 63 135 66 194 93 69 0 139 128 55 155 139 129 137 144 35 52 29 39 136 148 10 74 135 113 127 29 149 50 84 51 51 104 31 126 136 194 16 123 75 38 46 155 19 75 25 144 38 150 7 83 102 42 58 99 39 68 64 129 118 78 18 72 75 46 134 43 131 5 126 13 33 64 93 45 122 34 33 107 30 28 156 115 55 67 22 152 140 170 140 28 119 7 58 134 147 63 13 152 103 91 155 58 192 92 135 82 139 82 13 61 102 108 159 122 60 54 93 123 81 49 23 83 10 74 122 102 112 130 77 
132 131 60 40 63 146 104 6 70 40 84 41 67 148 76 4 76 56 46 106 139 0 26 86 60 39 127 67 114 135 138 110 101 54 34 149 110 5 91 73 109 30 91 58 89 87 83 127 89 23 55 155 75 65 108 92 125 155 66 161 5 121 49 130 58 84 181 82 56 177 73 76 105 49 66 129 67 110 165 126 97 166 132 119 131 172 138 129 184 17 104 107 106 168 167 96 49 92 74 149 74 67 31 40 152 45 131 81 50 31 91 144 13 76 58 190 155 53 88 47 79 85 59 151 78 133 49 20 63 94 123 46 40 58 88 115 127 139 65 49 118 27 93 63 
121 120 49 53 52 135 76 20 96 14 57 67 41 137 65 22 65 66 35 80 128 26 0 75 34 65 101 41 88 124 127 99 90 27 20 138 99 21 64 46 98 21 80 46 78 76 57 116 115 8 66 144 48 55 97 81 99 144 55 150 31 110 23 119 47 57 170 71 81 166 62 66 79 22 52 118 56 83 154 100 87 140 121 93 120 161 127 118 173 14 93 96 79 157 156 70 23 80 63 138 47 40 42 14 141 18 120 70 24 57 68 133 25 49 39 164 144 64 83 73 73 59 47 140 67 123 23 31 37 71 113 35 14 48 77 104 116 128 54 23 91 45 119 52 
46 45 29 125 28 60 88 81 106 89 48 77 39 62 16 82 38 141 40 69 55 86 75 0 101 86 93 82 88 51 55 26 21 82 95 65 73 82 58 72 25 96 19 29 30 5 49 43 124 83 141 71 68 21 39 8 99 71 20 77 91 38 96 46 28 49 97 30 90 93 32 14 74 62 30 45 25 73 81 92 33 131 48 85 47 88 63 92 100 69 20 21 71 84 83 101 60 55 26 65 97 85 117 86 68 64 47 33 79 94 55 60 99 48 36 155 71 139 90 85 80 84 28 67 19 101 53 105 67 58 55 40 68 44 6 31 85 55 32 67 83 59 128 22 
148 147 76 86 79 162 42 54 130 20 62 101 62 164 92 56 91 92 62 97 155 60 34 101 0 99 67 17 54 151 153 126 117 19 26 165 126 55 43 28 125 30 106 72 105 103 52 143 149 37 59 171 32 80 123 108 65 171 80 177 65 137 11 146 73 54 197 98 115 193 87 91 46 37 77 145 83 81 181 66 112 106 148 59 147 188 154 145 200 48 120 122 51 184 183 37 39 105 88 165 14 14 66 20 168 35 147 96 21 91 93 160 58 52 63 130 171 75 117 107 107 26 72 167 94 149 45 43 32 95 138 61 31 75 104 131 140 155 81 32 59 79 153 76 
132 131 60 39 63 146 143 45 30 79 123 17 106 148 76 43 114 55 53 145 139 39 65 86 99 0 166 106 153 135 139 110 101 92 73 149 110 44 129 111 109 69 95 97 89 87 122 127 67 62 55 155 113 88 115 92 164 155 79 161 34 121 88 130 64 122 181 82 42 177 108 90 144 87 105 129 67 148 165 165 109 205 132 158 131 172 138 129 184 52 104 107 144 168 167 135 88 131 102 149 112 105 34 79 152 83 131 81 89 8 130 144 42 114 97 229 155 53 88 8 78 124 97 151 78 132 88 57 102 133 131 62 79 58 88 115 161 139 65 88 156 27 54 77 
120 120 123 154 121 152 25 122 198 87 45 168 61 136 109 123 63 159 115 69 129 127 101 93 67 166 0 59 15 125 125 118 114 72 92 138 166 122 37 54 99 96 79 71 123 98 45 116 216 103 126 144 52 80 95 97 26 145 88 151 132 131 77 120 103 45 170 123 182 166 61 79 22 79 63 120 117 54 154 5 85 39 122 8 120 161 156 185 173 115 110 95 22 158 156 31 79 78 66 138 53 60 132 85 142 82 121 126 75 158 66 134 124 52 70 63 152 141 183 174 173 41 71 141 111 194 79 109 63 69 111 106 85 136 99 106 114 129 124 76 27 146 220 90 
130 129 63 94 61 144 34 62 138 27 43 108 43 145 74 63 72 99 56 78 137 67 41 82 17 106 59 0 46 133 134 108 99 13 33 147 109 62 26 11 107 37 87 53 87 85 34 125 156 44 66 153 15 62 104 90 57 153 63 159 72 119 18 128 55 36 179 80 122 175 69 73 38 20 59 127 65 63 163 58 94 98 130 51 129 170 136 128 182 55 102 103 39 166 165 29 22 87 70 147 14 3 73 26 150 23 129 79 16 98 75 142 65 34 46 122 153 82 124 114 114 18 54 149 76 136 28 50 15 78 120 47 26 77 86 113 123 137 66 18 51 86 160 59 
135 134 110 141 108 149 12 109 185 74 49 155 49 151 97 110 78 146 103 84 144 114 88 88 54 153 15 46 0 139 140 114 105 59 79 153 154 108 30 41 113 83 93 59 111 92 39 131 202 90 112 159 39 68 110 96 11 159 76 165 118 126 64 134 91 41 185 111 168 181 74 78 14 66 64 133 105 68 169 13 99 52 136 17 135 176 145 173 188 101 108 109 37 172 171 17 66 92 75 153 40 46 119 72 156 69 135 114 62 144 80 148 111 40 58 76 159 128 170 160 160 28 60 155 99 182 66 96 50 83 125 93 72 123 93 119 128 143 112 63 41 132 206 78 
48 6 77 177 74 94 139 132 143 141 91 121 91 52 59 131 62 190 89 56 35 135 124 51 151 135 125 133 139 0 18 60 57 132 144 34 109 131 109 123 32 145 46 80 68 48 100 8 161 132 190 33 119 72 29 43 150 20 71 26 140 73 146 42 79 97 58 67 128 74 64 60 125 113 74 53 68 70 81 130 39 96 39 122 47 37 99 128 49 118 53 30 102 33 32 152 111 46 63 14 147 136 166 136 63 115 35 70 130 143 58 47 148 99 87 120 93 188 127 131 117 135 78 30 59 137 104 155 118 55 19 89 119 81 46 40 49 45 72 118 97 108 165 73 
66 18 84 178 83 112 139 134 161 142 91 132 91 70 71 135 62 193 92 56 52 138 127 55 153 139 125 134 140 18 0 78 75 134 147 52 126 134 109 124 49 148 47 80 85 60 100 22 178 135 193 51 119 72 29 58 151 33 71 27 142 90 148 59 80 97 76 84 145 91 64 60 125 114 74 70 80 70 98 130 39 89 57 122 65 42 116 145 50 120 71 38 102 34 39 152 112 46 63 31 148 137 169 138 80 116 53 87 131 146 58 65 151 99 87 103 110 191 144 140 134 135 78 47 74 154 104 157 118 55 13 91 120 99 61 57 31 62 87 118 97 112 182 73 
20 60 51 151 48 34 114 106 98 115 73 95 65 36 34 106 62 165 64 93 29 110 99 26 126 110 118 108 114 60 78 0 10 107 119 39 49 106 84 98 28 120 43 55 22 22 75 55 101 107 165 45 94 46 63 19 125 46 46 52 115 14 121 21 54 73 71 29 71 67 56 37 100 88 53 19 43 97 55 116 57 155 23 108 21 62 40 69 74 93 6 39 95 59 57 127 86 79 49 47 122 111 141 111 43 90 25 30 105 118 78 35 123 74 62 179 45 163 68 106 58 110 53 42 33 78 79 130 93 81 78 64 94 53 21 19 108 30 46 93 106 83 106 48 
30 57 41 141 38 44 104 96 88 105 69 85 56 46 25 97 59 156 55 90 39 101 90 21 117 101 114 99 105 57 75 10 0 98 110 49 52 97 78 89 25 111 40 45 12 15 69 52 103 98 156 55 84 37 60 17 116 56 37 62 106 21 112 31 44 70 81 19 71 77 53 35 93 79 51 29 34 94 65 113 54 152 33 106 31 72 42 71 84 84 4 37 92 69 67 118 77 76 47 50 113 102 132 102 53 81 32 20 96 109 76 45 114 64 52 176 55 154 70 97 60 100 44 52 23 80 69 121 83 79 75 55 85 43 14 17 105 40 36 83 104 74 108 39 
129 128 57 80 60 143 47 48 124 14 43 95 43 145 73 50 72 86 43 78 136 54 27 82 19 92 72 13 59 132 134 107 98 0 20 146 107 48 36 19 106 24 87 53 86 84 34 124 142 30 59 152 21 62 104 89 70 152 63 158 58 118 14 127 55 36 178 79 108 174 69 73 51 19 59 126 64 63 162 71 94 111 129 64 128 169 135 126 181 41 101 103 52 165 164 42 21 87 70 146 20 13 60 13 149 17 128 78 3 84 75 141 52 34 45 135 152 69 110 100 100 31 54 148 75 131 27 37 15 77 120 43 13 64 85 112 122 136 62 14 64 72 146 58 
142 141 70 60 73 156 67 28 104 6 56 75 56 158 86 30 85 66 55 91 148 34 20 95 26 73 92 33 79 144 147 119 110 20 0 158 119 29 56 39 118 4 100 66 98 96 49 136 123 12 46 164 41 75 117 101 90 164 75 170 39 130 15 139 67 50 190 91 89 186 82 86 71 32 72 138 76 77 174 91 107 131 141 84 140 181 147 138 193 27 113 116 72 177 176 62 34 100 83 158 40 33 40 8 161 29 140 90 17 65 87 153 32 47 58 155 164 49 99 81 89 51 67 160 87 143 40 17 30 90 133 55 24 68 97 124 135 148 74 26 84 53 127 71 
19 34 90 190 87 60 153 145 137 154 105 134 105 18 73 145 75 204 103 71 10 149 138 65 165 149 138 147 153 34 52 39 49 146 158 0 75 145 122 137 39 159 60 93 61 61 113 30 127 146 204 6 132 85 44 56 164 18 85 24 154 40 160 17 93 111 32 68 109 40 78 74 138 127 88 20 82 85 47 143 53 130 15 136 18 23 65 94 35 132 44 43 116 27 18 165 125 61 77 21 161 150 180 150 29 129 17 68 144 157 73 14 162 112 100 154 59 202 94 145 84 148 92 4 71 103 117 169 131 70 53 103 133 91 59 33 83 11 84 131 112 122 132 87 
61 109 50 150 48 35 142 105 96 114 121 94 106 57 57 106 111 165 64 142 74 110 99 73 126 110 166 109 154 109 126 49 52 107 119 75 0 106 129 113 77 120 92 95 42 67 121 104 52 107 165 75 114 86 112 68 165 92 77 98 115 35 121 67 62 122 73 42 69 69 105 86 144 89 102 55 48 146 56 165 106 204 69 157 60 85 28 20 94 93 55 88 144 101 87 137 88 128 98 96 123 112 141 111 46 90 73 39 105 118 127 61 123 114 95 228 46 163 23 106 33 126 95 78 53 29 88 130 103 130 127 65 94 53 65 68 157 64 45 94 155 83 61 74 
129 128 56 43 59 142 98 1 74 35 79 45 62 144 72 1 72 59 42 101 135 5 21 82 55 44 122 62 108 131 134 106 97 48 29 145 106 0 84 67 105 25 87 53 85 83 78 123 94 18 58 151 69 61 104 88 118 151 62 157 10 117 44 126 54 78 177 78 60 173 69 72 99 43 61 125 63 104 161 119 93 159 128 112 127 168 134 125 180 13 100 103 100 164 163 90 44 87 70 145 68 61 35 35 148 39 127 77 45 36 86 140 17 70 53 183 151 57 85 52 75 79 54 147 74 129 44 24 58 89 119 42 35 55 84 111 123 135 61 44 112 24 98 59 
104 103 85 117 83 119 29 85 161 51 18 132 24 120 72 87 47 123 78 53 113 91 64 58 43 129 37 26 30 109 109 84 78 36 56 122 129 84 0 17 83 60 62 34 86 62 9 100 178 66 89 128 16 43 79 66 41 129 51 135 94 96 42 104 66 11 154 86 144 150 44 48 16 42 34 103 80 38 138 36 69 76 106 29 104 145 120 148 157 77 78 78 16 142 140 43 42 62 45 122 40 29 96 49 126 45 105 89 39 120 50 118 88 15 33 100 129 105 146 136 136 26 34 125 74 157 42 73 26 53 95 69 49 99 63 89 98 113 87 39 28 108 182 53 
119 118 68 99 66 133 29 67 143 33 33 114 33 135 64 69 62 105 61 68 127 73 46 72 28 111 54 11 41 123 124 98 89 19 39 137 113 67 17 0 97 43 77 43 77 75 23 115 161 49 72 143 4 52 94 80 52 143 52 149 77 109 25 118 50 25 169 71 127 165 58 62 33 24 48 117 64 52 153 53 83 93 120 46 119 160 126 132 172 60 92 93 33 156 155 29 24 76 59 137 25 14 79 32 140 27 119 73 22 103 64 132 71 24 35 117 143 88 129 119 119 13 44 139 66 141 24 56 9 67 109 51 31 82 76 103 112 127 71 22 45 91 165 49 
20 31 50 150 47 62 112 105 111 114 65 95 65 36 33 105 36 164 63 66 29 109 98 25 125 109 99 107 113 32 49 28 25 106 118 39 77 105 83 97 0 119 21 54 36 22 74 27 128 106 163 45 93 46 34 17 124 46 45 52 114 42 120 21 53 72 71 35 96 67 39 35 99 87 49 22 42 70 55 104 29 127 23 97 21 62 67 96 74 92 21 12 77 59 57 126 85 51 38 40 121 110 140 110 43 89 22 38 104 117 51 35 122 73 61 151 62 162 95 105 85 109 53 42 33 105 78 129 92 54 50 63 93 54 20 8 80 30 46 92 81 82 133 47 
142 141 70 56 73 156 71 24 100 10 58 71 57 158 86 26 86 61 56 93 149 30 21 96 30 69 96 37 83 145 148 120 111 24 4 159 120 25 60 43 119 0 101 67 99 97 53 137 119 13 45 164 45 76 118 102 94 165 76 171 35 131 19 140 68 54 190 92 85 186 83 87 75 33 73 139 77 80 174 95 108 135 142 88 140 181 148 139 193 28 114 117 76 178 176 66 35 101 84 159 44 37 36 11 162 30 141 91 21 61 88 154 28 49 59 159 165 45 100 77 90 55 68 161 88 144 41 13 34 91 134 56 26 69 98 125 136 149 75 28 88 49 123 72 
41 40 48 130 47 78 92 86 125 94 44 96 44 57 35 87 19 146 45 50 50 91 80 19 106 95 79 87 93 46 47 43 40 87 100 60 92 87 62 77 21 101 0 34 49 24 53 38 143 88 145 66 72 25 20 23 103 66 25 72 96 57 101 42 33 51 92 49 109 88 18 14 78 67 28 41 44 54 76 84 14 112 44 76 42 83 82 111 95 73 36 16 57 79 78 105 65 36 17 60 101 90 122 91 64 69 43 52 84 100 36 56 104 53 41 136 78 144 109 103 99 88 32 63 38 120 58 110 72 39 36 45 73 63 25 27 66 51 51 72 65 76 147 27 
75 74 51 96 49 89 58 52 127 60 26 99 10 91 38 54 18 112 44 48 84 58 46 29 72 97 71 53 59 80 80 55 45 53 66 93 95 53 34 43 54 67 34 0 52 32 26 71 146 54 111 99 38 9 50 37 70 100 18 106 63 66 67 75 33 27 125 52 112 121 15 19 49 33 8 74 47 52 109 70 40 109 77 63 75 116 86 114 128 46 49 50 49 113 111 72 31 34 16 93 67 56 88 57 97 35 76 55 50 89 33 89 70 19 7 133 100 110 112 105 102 54 1 96 41 123 24 76 38 36 66 35 39 65 33 60 69 84 54 38 61 77 150 20 
42 67 29 129 26 56 100 84 76 93 80 73 63 58 14 85 69 144 43 100 51 89 78 30 105 89 123 87 111 68 85 22 12 86 98 61 42 85 86 77 36 99 49 52 0 25 78 63 93 86 143 67 73 43 69 27 122 68 34 74 94 33 100 43 32 79 93 7 60 89 62 44 101 67 60 41 22 103 77 122 63 161 45 115 43 84 49 62 96 72 16 47 101 81 79 106 65 85 56 62 101 90 120 90 65 69 44 8 84 97 85 57 102 71 52 185 67 142 60 85 50 89 52 64 11 71 58 109 72 88 85 43 73 31 23 28 115 52 24 72 113 62 98 32 
42 42 27 127 24 57 91 82 101 91 53 72 43 58 11 83 43 142 41 74 51 87 76 5 103 87 98 85 92 48 60 22 15 84 96 61 67 83 62 75 22 97 24 32 25 0 54 40 118 84 141 67 70 24 44 4 102 68 24 74 92 34 98 43 31 54 93 25 85 89 37 19 78 65 35 41 20 78 77 97 38 136 45 90 43 84 57 86 96 70 16 22 76 81 79 104 63 60 31 62 99 88 118 88 65 67 44 28 82 95 60 57 100 51 39 160 67 140 85 83 75 86 31 64 13 95 56 107 70 63 60 41 71 38 1 27 90 52 26 70 88 60 123 26 
95 94 77 109 75 109 38 77 153 43 9 124 16 111 64 79 38 115 70 44 104 83 57 49 52 122 45 34 39 100 100 75 69 34 49 113 121 78 9 23 74 53 53 26 78 54 0 91 171 60 93 119 19 35 70 57 50 119 43 125 88 87 48 95 58 2 145 78 138 141 35 39 25 34 25 94 72 29 129 44 60 84 97 37 95 136 111 140 148 71 69 69 24 132 131 52 34 53 36 113 48 37 89 42 117 37 96 81 32 114 41 109 81 7 25 108 120 98 138 130 128 35 26 116 66 149 34 66 19 44 86 61 41 91 55 80 89 104 79 32 36 102 176 45 
44 4 67 167 64 89 130 122 138 131 83 112 83 48 51 123 53 182 81 48 31 127 116 43 143 127 116 125 131 8 22 55 52 124 136 30 104 123 100 115 27 137 38 71 63 40 91 0 155 124 181 29 109 63 21 36 141 28 63 34 132 69 138 38 71 89 55 62 123 70 56 52 116 104 66 49 60 62 77 121 31 100 35 114 43 45 94 123 57 110 48 22 94 41 40 143 102 38 55 22 138 127 158 128 59 106 31 65 121 135 50 43 140 90 78 124 89 180 122 123 112 125 70 26 51 132 95 147 109 47 23 81 110 76 39 35 53 41 64 109 89 100 160 65 
113 161 96 106 97 80 192 95 51 129 173 50 156 109 108 93 163 122 102 194 126 89 115 124 149 67 216 156 202 161 178 101 103 142 123 127 52 94 178 161 128 119 143 146 93 118 171 155 0 112 122 127 163 136 162 120 212 144 127 150 84 87 138 119 113 172 118 94 33 114 155 137 193 137 153 107 99 196 101 213 156 253 121 206 112 137 73 63 146 102 107 140 194 153 139 184 138 178 149 148 162 155 100 129 98 133 125 91 139 75 178 113 91 164 145 277 91 120 33 63 43 173 145 130 104 66 138 106 152 181 178 111 129 80 116 120 208 116 91 138 206 69 17 125 
129 128 57 50 60 143 78 17 93 17 60 64 45 145 73 19 73 58 43 83 136 23 8 83 37 62 103 44 90 132 135 107 98 30 12 146 107 18 66 49 106 13 88 54 86 84 60 124 112 0 57 151 51 63 104 88 100 152 63 158 28 118 26 127 55 60 177 79 78 173 69 73 81 25 60 125 64 86 161 101 94 141 129 94 127 168 135 126 180 15 100 104 82 165 163 72 26 88 70 146 50 43 34 17 149 21 128 78 27 54 76 141 22 52 47 165 151 56 87 70 77 61 55 148 75 131 30 23 40 79 120 43 17 56 85 111 123 136 62 26 94 42 116 60 
187 186 115 29 118 201 101 60 74 52 102 73 102 203 131 59 131 34 101 137 194 55 66 141 59 55 126 66 112 190 193 165 156 59 46 204 165 58 89 72 163 45 145 111 143 141 93 181 122 57 0 208 74 119 161 145 123 209 120 215 50 175 48 184 112 95 234 136 97 230 126 130 104 78 117 182 121 122 218 124 151 164 186 117 184 225 192 183 237 71 157 161 105 222 220 95 80 145 127 203 73 66 23 54 206 75 185 135 61 47 133 198 41 93 104 188 208 18 143 60 133 84 112 205 132 187 86 35 74 136 177 100 70 113 142 168 180 193 119 72 117 82 106 117 
25 33 96 196 93 60 158 151 143 160 111 140 111 18 79 151 81 210 109 77 16 155 144 71 171 155 144 153 159 33 51 45 55 152 164 6 75 151 128 143 45 164 66 99 67 67 119 29 127 151 208 0 137 91 50 62 169 17 90 23 159 40 165 23 98 117 26 74 115 41 84 80 144 132 94 26 87 91 47 149 59 129 21 142 24 16 65 94 28 137 50 49 122 26 12 171 130 67 83 20 166 155 185 155 29 134 23 74 149 162 79 14 167 118 106 153 59 207 94 150 84 153 98 3 77 103 123 174 137 76 52 108 138 97 65 39 82 15 90 137 118 127 132 92 
114 113 70 101 68 128 27 69 145 35 28 116 29 130 60 71 57 107 63 63 123 75 48 68 32 113 52 15 39 119 119 94 84 21 41 132 114 69 16 4 93 45 72 38 73 70 19 109 163 51 74 137 0 47 88 74 50 137 47 143 79 104 29 113 52 21 163 72 129 159 53 57 31 26 44 111 66 48 147 51 78 91 115 44 113 153 121 134 165 62 86 88 32 150 149 33 26 72 54 131 29 18 81 34 135 29 114 75 24 105 60 127 73 20 31 115 137 90 131 121 121 16 39 134 62 143 26 58 11 63 104 53 33 84 71 97 107 122 73 24 44 93 167 45 
66 66 42 105 40 81 67 60 118 69 35 90 19 82 29 61 25 120 35 56 75 65 55 21 80 88 80 62 68 72 72 46 37 62 75 85 86 61 43 52 46 76 25 9 43 24 35 63 136 63 119 91 47 0 42 28 79 91 9 97 70 58 76 67 24 35 117 43 103 113 19 11 58 42 17 65 38 60 101 79 32 118 69 72 67 107 77 105 119 48 40 41 58 104 103 80 40 42 14 85 76 65 96 66 89 44 68 46 59 81 42 81 78 28 16 142 91 118 103 96 93 63 9 88 32 114 33 85 47 45 58 26 48 56 25 51 73 76 45 47 70 68 141 11 
51 24 68 147 67 97 108 103 145 111 61 116 61 55 55 104 32 163 63 31 38 108 97 39 123 115 95 104 110 29 29 63 60 104 117 44 112 104 79 94 34 118 20 50 69 44 70 21 162 104 161 50 88 42 0 42 120 49 42 55 112 76 117 45 51 68 76 69 129 77 35 31 95 83 45 56 64 41 84 100 10 93 42 93 50 66 101 130 78 90 55 22 73 62 61 121 81 17 34 43 117 106 138 107 66 85 38 72 100 117 29 51 120 69 57 117 96 160 129 123 119 104 49 47 57 139 74 126 88 26 16 62 89 82 45 42 46 48 70 88 68 95 167 44 
37 40 32 132 29 54 96 87 103 96 52 77 47 53 16 88 42 147 46 73 46 92 81 8 108 92 97 90 96 43 58 19 17 89 101 56 68 88 66 80 17 102 23 37 27 4 57 36 120 88 145 62 74 28 42 0 106 63 28 69 96 33 102 38 35 55 88 27 87 84 36 18 82 69 34 37 24 77 72 96 37 135 40 89 38 78 59 88 90 74 13 20 75 76 74 107 67 59 30 57 103 92 122 92 60 71 39 30 86 99 59 52 104 55 43 159 63 144 87 87 77 90 35 59 15 97 60 111 74 62 58 45 75 40 3 23 88 47 28 74 87 64 125 30 
146 145 121 152 119 160 23 120 196 85 60 166 60 162 108 121 89 157 114 95 155 125 99 99 65 164 26 57 11 150 151 125 116 70 90 164 165 118 41 52 124 94 103 70 122 102 50 141 212 100 123 169 50 79 120 106 0 169 87 175 128 136 75 144 102 52 194 122 178 190 85 89 25 76 75 143 116 79 178 21 110 63 146 28 144 184 156 184 196 111 118 119 48 182 180 28 76 103 86 163 51 57 130 83 166 79 145 125 73 154 91 158 122 51 69 79 169 139 180 170 170 39 71 165 110 193 76 107 61 94 136 103 83 134 103 129 139 153 123 74 52 142 216 89 
32 26 96 196 93 77 159 151 144 160 111 141 111 35 79 151 82 210 109 76 19 155 144 71 171 155 145 153 159 20 33 46 56 152 164 18 92 151 129 143 46 165 66 100 68 68 119 28 144 152 209 17 137 91 49 63 169 0 91 6 159 57 165 26 98 117 43 75 117 58 84 80 144 132 94 37 87 90 64 149 59 112 24 142 32 16 82 111 28 137 52 50 122 13 12 170 130 66 83 6 166 155 185 155 46 134 24 76 149 162 78 31 167 118 106 136 76 207 111 150 101 153 98 14 78 120 123 174 137 75 35 108 138 99 66 40 64 29 91 137 117 127 149 93 
66 65 33 105 31 80 68 61 109 70 44 80 27 82 20 62 34 121 26 65 75 66 55 20 80 79 88 63 76 71 71 46 37 63 75 85 77 62 51 52 45 76 25 18 34 24 43 63 127 63 120 90 47 9 42 28 87 91 0 97 70 58 76 66 15 44 116 34 94 112 28 11 66 43 26 65 29 69 100 87 32 127 68 80 66 106 74 96 118 48 40 41 67 104 102 80 40 51 23 85 76 65 97 66 88 44 67 37 59 74 51 80 79 36 18 151 91 119 94 87 84 63 18 87 23 105 33 85 47 54 58 19 48 47 25 51 82 75 36 47 79 59 132 2 
38 32 102 202 99 83 165 157 150 166 117 147 117 41 85 157 88 216 115 82 25 161 150 77 177 161 151 159 165 26 27 52 62 158 170 24 98 157 135 149 52 171 72 106 74 74 125 34 150 158 215 23 143 97 55 69 175 6 97 0 165 63 171 32 104 123 49 81 123 64 90 86 150 138 100 43 93 96 70 155 65 116 30 148 38 15 88 117 23 143 58 56 128 7 12 176 136 72 89 12 172 161 191 161 52 140 30 82 155 168 84 37 173 124 112 130 82 213 117 156 107 159 104 20 84 126 129 180 143 81 40 114 144 105 72 46 58 35 97 143 123 133 155 99 
137 136 65 35 68 151 107 11 64 45 89 36 72 153 81 9 81 51 51 111 144 5 31 91 65 34 132 72 118 140 142 115 106 58 39 154 115 10 94 77 114 35 96 63 94 92 88 132 84 28 50 159 79 70 112 96 128 159 70 165 0 126 54 134 63 88 184 87 51 180 78 81 109 53 71 133 72 114 168 129 102 169 136 122 134 174 143 134 186 22 108 111 110 172 170 100 54 97 79 153 78 71 27 45 156 49 135 86 55 26 96 148 9 80 63 193 159 49 93 42 84 89 64 155 83 138 54 23 68 99 128 51 45 63 93 119 132 143 70 54 122 32 88 68 
25 73 61 161 58 23 125 116 109 125 86 106 77 25 45 117 76 176 75 107 38 121 110 38 137 121 131 119 126 73 90 14 21 118 130 40 35 117 96 109 42 131 57 66 33 34 87 69 87 118 175 40 104 58 76 33 136 57 58 63 126 0 132 31 65 87 61 40 81 56 69 51 112 99 67 20 54 110 44 129 70 168 33 122 25 52 26 55 64 104 20 53 108 66 52 137 97 92 63 60 133 122 152 122 32 101 37 41 116 129 92 26 134 85 73 192 34 174 54 117 45 120 65 43 44 64 90 141 104 95 91 75 105 64 33 33 121 29 57 104 120 94 92 60 
143 142 71 75 74 157 52 43 119 9 57 90 57 159 87 45 86 81 57 92 150 49 23 96 11 88 77 18 64 146 148 121 112 14 15 160 121 44 42 25 120 19 101 67 100 98 48 138 138 26 48 165 29 76 117 102 75 165 76 171 54 132 0 140 69 50 190 93 104 186 82 86 56 33 73 139 78 77 174 76 107 116 142 69 140 180 149 140 192 37 114 117 57 178 176 47 35 101 83 159 25 18 55 10 162 31 141 92 17 80 89 154 47 48 59 140 165 64 106 96 96 36 68 161 89 145 41 32 29 91 133 57 26 70 99 125 136 149 76 28 69 68 142 72 
6 42 71 171 68 52 133 126 119 135 86 116 86 15 54 126 57 185 84 77 7 130 119 46 146 130 120 128 134 42 59 21 31 127 139 17 67 126 104 118 21 140 42 75 43 43 95 38 119 127 184 23 113 67 45 38 144 26 66 32 134 31 140 0 73 93 49 50 92 46 60 56 120 107 70 11 62 81 39 125 40 138 2 118 6 39 57 86 51 112 27 26 98 37 35 145 105 62 59 29 141 130 160 130 22 109 6 51 124 137 62 14 142 93 81 162 51 182 85 125 75 128 73 20 53 95 98 149 112 65 61 83 113 74 41 16 90 9 66 112 95 102 123 68 
74 73 18 97 16 88 79 53 94 61 59 65 42 90 20 54 49 113 12 80 83 58 47 28 73 64 103 55 91 79 80 54 44 55 67 93 62 54 66 50 53 68 33 33 32 31 58 71 113 55 112 98 52 24 51 35 102 98 15 104 63 65 69 73 0 59 122 25 80 119 43 26 81 35 41 72 14 84 107 102 45 142 75 95 73 112 81 82 124 41 47 49 82 110 108 75 32 66 38 92 69 58 89 58 95 36 74 24 51 67 66 87 71 51 33 166 98 111 80 72 69 63 33 93 21 91 26 77 41 69 67 12 40 32 32 58 97 82 21 40 94 44 117 13 
92 92 78 110 76 108 40 78 154 44 7 125 17 108 65 80 36 116 71 41 102 84 57 49 54 122 45 36 41 97 97 73 70 36 50 111 122 78 11 25 72 54 51 27 79 54 2 89 172 60 95 117 21 35 68 55 52 117 44 123 88 87 50 93 59 0 142 78 138 139 33 37 27 35 23 92 73 27 127 44 58 83 95 37 93 132 111 140 144 71 67 67 23 130 128 54 35 51 34 111 50 39 90 43 115 38 94 81 34 114 39 107 82 8 26 107 118 99 138 130 128 37 26 113 67 149 35 67 21 42 84 61 42 91 55 78 86 102 80 33 35 102 176 46 
51 59 122 222 119 38 184 177 169 186 137 166 137 36 105 177 107 236 135 103 42 181 170 97 197 181 170 179 185 58 76 71 81 178 190 32 73 177 154 169 71 190 92 125 93 93 145 55 118 177 234 26 163 117 76 88 194 43 116 49 184 61 190 49 122 142 0 99 141 16 109 105 169 156 119 52 111 117 23 174 85 154 47 167 50 34 45 71 43 161 76 75 147 51 37 194 154 93 108 46 190 179 209 179 29 158 49 100 173 186 105 37 191 142 130 178 35 231 96 174 106 177 122 29 102 80 147 198 161 102 77 132 162 123 90 65 107 41 115 161 144 151 134 117 
49 66 22 122 19 63 99 77 76 86 79 66 62 65 14 78 69 137 36 100 58 82 71 30 98 82 123 80 111 67 84 29 19 79 91 68 42 78 86 71 35 92 49 52 7 25 78 62 94 79 136 74 72 43 69 27 122 75 34 81 87 40 93 50 25 78 99 0 61 96 62 44 100 60 60 48 15 103 84 121 63 161 52 114 50 89 56 62 101 65 23 47 101 87 85 99 57 85 56 69 94 83 113 83 72 61 51 3 76 90 85 64 95 70 52 185 74 135 61 78 50 84 52 70 11 71 51 102 65 88 85 36 65 24 23 35 115 59 17 65 113 55 98 32 
91 127 62 81 64 105 158 62 27 96 140 25 123 107 74 59 129 97 69 160 99 56 81 90 115 42 182 122 168 128 145 71 71 108 89 109 69 60 144 127 96 85 109 112 60 85 138 123 33 78 97 115 129 103 129 87 178 117 94 123 51 81 104 92 80 138 141 61 0 137 122 104 159 103 120 90 66 163 125 179 123 219 94 172 92 131 97 87 143 68 75 107 160 129 127 150 104 145 116 115 128 121 75 95 113 99 93 58 105 50 145 106 58 130 112 243 115 95 46 38 36 139 112 112 71 90 104 73 118 148 145 78 95 47 83 88 175 101 58 104 172 36 38 92 
47 74 118 218 115 34 180 173 165 182 133 162 133 31 101 173 103 232 131 108 39 177 166 93 193 177 166 175 181 74 91 67 77 174 186 40 69 173 150 165 67 186 88 121 89 89 141 70 114 173 230 41 159 113 77 84 190 58 112 64 180 56 186 46 119 139 16 96 137 0 106 102 166 153 116 48 108 114 13 171 82 170 44 164 46 50 41 56 59 158 73 72 144 67 53 191 151 94 105 61 187 176 206 176 24 155 45 97 170 183 102 32 188 139 127 194 23 228 92 171 101 174 119 44 99 65 144 195 158 99 93 129 159 120 87 61 122 37 112 158 141 148 130 114 
59 58 62 112 60 91 73 68 138 76 26 109 26 75 49 69 5 128 55 36 68 73 62 32 87 108 61 69 74 64 64 56 53 69 82 78 105 69 44 58 39 83 18 15 62 37 35 56 155 69 126 84 53 19 35 36 85 84 28 90 78 69 82 60 43 33 109 62 122 106 0 17 60 48 10 59 57 40 94 65 25 98 62 58 60 99 94 123 111 57 49 34 39 97 95 86 46 23 5 78 82 71 103 72 82 50 61 65 65 100 22 74 85 34 22 122 91 125 122 115 112 69 14 80 50 132 39 91 53 25 51 45 54 75 38 45 54 69 63 53 51 87 160 30 
55 54 43 116 42 72 77 71 120 80 34 91 30 71 30 72 23 131 37 54 64 76 66 14 91 90 79 73 78 60 60 37 35 73 86 74 86 72 48 62 35 87 14 19 44 19 39 52 137 73 130 80 57 11 31 18 89 80 11 86 81 51 86 56 26 37 105 44 104 102 17 0 64 52 16 55 39 57 90 78 21 115 58 71 56 95 76 105 107 59 31 30 56 93 91 90 50 40 12 74 86 75 107 76 78 54 57 47 69 85 39 70 89 38 26 139 81 129 104 98 94 73 18 76 32 114 43 95 57 42 47 30 58 57 20 41 71 65 45 57 68 70 142 13 
120 119 100 132 98 135 13 100 176 65 34 146 39 136 87 101 63 137 93 69 129 105 79 74 46 144 22 38 14 125 125 100 93 51 71 138 144 99 16 33 99 75 78 49 101 78 25 116 193 81 104 144 31 58 95 82 25 144 66 150 109 112 56 120 81 27 169 100 159 166 60 64 0 57 50 119 95 54 154 21 85 61 122 14 120 159 135 162 171 92 94 94 23 157 155 27 57 78 61 138 32 39 111 64 142 60 121 103 54 135 66 134 103 30 48 85 145 120 160 151 150 20 49 140 89 171 57 88 42 69 111 84 64 113 79 105 113 129 102 55 28 123 197 68 
109 108 43 75 42 123 54 43 119 26 35 90 23 125 55 45 52 80 36 59 118 49 22 62 37 87 79 20 66 113 114 88 79 19 32 127 89 43 42 24 87 33 67 33 67 65 34 104 137 25 78 132 26 42 83 69 76 132 43 138 53 99 33 107 35 35 156 60 103 153 48 52 57 0 39 106 45 61 141 77 73 117 109 70 107 146 116 108 158 36 81 82 57 144 142 49 2 67 49 126 34 23 56 23 129 3 108 59 17 79 55 121 47 27 26 141 132 77 105 95 95 37 34 127 56 117 8 43 15 58 99 28 7 58 66 92 102 116 47 5 69 67 141 39 
69 68 59 103 57 88 63 60 135 66 18 107 16 85 46 62 13 118 52 39 78 66 52 30 77 105 63 59 64 74 74 53 51 59 72 88 102 61 34 48 49 73 28 8 60 35 25 66 153 60 117 94 44 17 45 34 75 94 26 100 71 67 73 70 41 23 119 60 120 116 10 16 50 39 0 69 55 43 104 62 35 101 72 55 70 109 92 121 121 54 47 44 41 107 105 77 37 28 11 88 73 62 94 62 92 41 71 63 56 97 25 84 76 25 13 125 96 116 120 113 110 60 8 90 48 130 30 82 44 28 61 43 45 73 36 55 64 79 61 44 53 85 158 28 
5 53 69 169 66 41 133 124 117 133 85 114 84 17 53 125 57 184 83 88 18 129 118 45 145 129 120 127 133 53 70 19 29 126 138 20 55 125 103 117 22 139 41 74 41 41 94 49 107 125 182 26 111 65 56 37 143 37 65 43 133 20 139 11 72 92 52 48 90 48 59 55 119 106 69 0 61 92 36 124 51 149 13 117 5 42 46 75 54 111 25 34 98 46 38 144 104 73 58 40 140 129 159 129 24 108 17 49 123 136 73 16 141 92 80 173 40 181 74 124 64 127 72 23 52 84 97 148 111 76 72 82 112 72 40 14 101 11 65 111 103 101 112 67 
63 62 7 107 4 77 93 62 80 71 73 52 56 79 9 63 63 122 21 94 72 67 56 25 83 67 117 65 105 68 80 43 34 64 76 82 48 63 80 64 42 77 44 47 22 20 72 60 99 64 121 87 66 38 64 24 116 87 29 93 72 54 78 62 14 73 111 15 66 108 57 39 95 45 55 61 0 96 96 116 58 154 64 109 62 101 71 68 113 50 36 42 95 99 97 89 43 79 51 81 79 68 98 68 84 47 63 14 62 75 78 76 80 65 47 178 87 120 66 63 55 77 47 82 11 77 40 87 55 81 80 21 51 18 21 47 110 71 7 50 107 40 103 27 
87 64 103 136 101 132 67 104 179 71 26 151 43 91 90 106 35 141 96 14 75 110 83 73 81 148 54 63 68 70 70 97 94 63 77 85 146 104 38 52 70 80 54 52 103 78 29 62 196 86 122 91 48 60 41 77 79 90 69 96 114 110 77 81 84 27 117 103 163 114 40 57 54 61 43 92 96 0 120 59 40 58 78 52 86 106 133 162 118 97 88 57 32 103 102 81 61 24 45 84 77 66 116 69 102 64 74 104 61 140 18 87 108 34 52 82 131 125 161 155 151 64 51 88 89 171 61 93 48 15 57 85 68 114 77 78 59 84 102 59 28 127 199 70 
35 81 105 205 102 21 168 160 153 169 121 150 120 29 89 161 91 220 119 116 46 165 154 81 181 165 154 163 169 81 98 55 65 162 174 47 56 161 138 153 55 174 76 109 77 77 129 77 101 161 218 47 147 101 84 72 178 64 100 70 168 44 174 39 107 127 23 84 125 13 94 90 154 141 104 36 96 120 0 159 79 176 41 152 34 57 28 47 66 146 61 63 132 73 59 179 139 101 93 67 175 164 194 164 18 143 45 85 158 171 101 33 176 127 115 200 12 216 79 159 89 162 107 50 87 56 132 183 146 104 99 117 147 108 75 49 128 36 100 146 131 136 117 102 
125 124 121 153 119 151 24 121 197 86 44 167 60 141 108 122 68 158 114 74 134 126 100 92 66 165 5 58 13 130 130 116 113 71 91 143 165 119 36 53 104 95 84 70 122 97 44 121 213 101 124 149 51 79 100 96 21 149 87 155 129 129 76 125 102 44 174 121 179 171 65 78 21 77 62 124 116 59 159 0 90 42 127 7 125 164 154 183 176 112 109 99 27 162 160 30 77 83 66 143 52 59 131 84 147 80 126 124 74 155 71 139 123 51 69 64 152 140 181 171 171 40 70 145 110 192 77 108 62 74 116 104 84 134 98 110 118 134 123 75 31 143 217 89 
46 34 62 137 61 91 98 92 139 101 51 110 51 51 49 93 22 152 57 36 43 97 87 33 112 109 85 94 99 39 39 57 54 94 107 53 106 93 69 83 29 108 14 40 63 38 60 31 156 94 151 59 78 32 10 37 110 59 32 65 102 70 107 40 45 58 85 63 123 82 25 21 85 73 35 51 58 40 79 90 0 98 38 83 46 75 95 124 87 80 50 17 63 72 71 111 71 22 24 53 107 96 128 96 62 75 36 66 90 106 22 49 110 59 47 122 91 150 123 117 113 94 39 56 51 133 64 116 78 25 26 51 79 76 39 37 52 45 64 78 59 89 161 34 
145 96 161 193 159 190 64 161 237 126 83 207 100 148 148 162 93 198 154 62 131 166 140 131 106 205 39 98 52 96 89 155 152 111 131 130 204 159 76 93 127 135 112 109 161 136 84 100 253 141 164 129 91 118 93 135 63 112 127 116 169 168 116 138 142 83 154 161 219 170 98 115 61 117 101 149 154 58 176 42 98 0 135 47 143 127 191 220 139 152 146 115 60 123 123 69 117 76 103 109 92 98 171 124 158 120 131 162 114 195 76 143 163 91 109 24 188 180 219 211 209 80 109 126 147 229 117 148 102 73 77 143 124 172 135 135 78 141 160 115 48 183 257 128 
8 40 73 173 70 54 135 128 121 137 88 118 88 13 56 128 59 187 86 74 5 132 121 48 148 132 122 130 136 39 57 23 33 129 141 15 69 128 106 120 23 142 44 77 45 45 97 35 121 129 186 21 115 69 42 40 146 24 68 30 136 33 142 2 75 95 47 52 94 44 62 58 122 109 72 13 64 78 41 127 38 135 0 120 8 37 59 88 49 114 29 28 100 35 33 147 107 59 61 26 143 132 162 132 24 111 4 53 126 139 60 12 144 95 83 159 53 184 87 127 77 130 75 18 55 97 100 151 114 63 58 85 115 76 43 18 88 7 68 114 97 104 125 70 
117 116 114 146 112 143 17 114 190 79 37 160 53 133 101 115 61 151 107 67 126 119 93 85 59 158 8 51 17 122 122 108 106 64 84 136 157 112 29 46 97 88 76 63 115 90 37 114 206 94 117 142 44 72 93 89 28 142 80 148 122 122 69 118 95 37 167 114 172 164 58 71 14 70 55 117 109 52 152 7 83 47 120 0 118 157 147 176 169 105 102 92 20 155 153 30 70 76 59 136 45 52 124 77 140 73 119 117 67 148 63 132 116 44 62 71 145 133 174 164 164 33 63 138 103 185 70 101 55 66 109 97 77 127 91 103 111 127 116 68 24 136 210 82 
1 48 71 171 68 46 134 126 119 135 87 116 86 15 55 127 57 186 85 82 13 131 120 47 147 131 120 129 135 47 65 21 31 128 140 18 60 127 104 119 21 140 42 75 43 43 95 43 112 127 184 24 113 67 50 38 144 32 66 38 134 25 140 6 73 93 50 50 92 46 60 56 120 107 70 5 62 86 34 125 46 143 8 118 0 40 51 80 52 112 27 29 98 41 36 145 105 67 59 34 141 130 160 130 22 109 12 51 124 137 68 14 142 93 81 167 45 182 79 125 69 128 73 21 53 89 98 149 112 71 66 83 113 74 41 15 96 9 66 112 98 102 117 68 
42 43 113 213 110 70 175 168 160 177 128 157 128 28 96 168 98 227 126 93 33 172 161 88 188 172 161 170 176 37 42 62 72 169 181 23 85 168 145 160 62 181 83 116 84 84 136 45 137 168 225 16 153 107 66 78 184 16 106 15 174 52 180 39 112 132 34 89 131 50 99 95 159 146 109 42 101 106 57 164 75 127 37 157 40 0 75 104 12 151 66 65 137 17 4 184 144 82 98 22 180 169 199 169 39 148 39 90 163 176 94 27 181 132 120 145 69 221 104 164 97 167 112 19 92 113 137 188 151 91 51 122 152 113 80 55 73 31 105 151 133 141 142 107 
51 99 78 178 75 7 142 133 124 142 111 122 96 47 62 134 101 193 92 132 64 138 127 63 154 138 156 136 145 99 116 40 42 135 147 65 28 134 120 126 67 148 82 86 49 57 111 94 73 135 192 65 121 77 101 59 156 82 74 88 143 26 149 57 81 111 45 56 97 41 94 76 135 116 92 46 71 133 28 154 95 191 59 147 51 75 0 29 84 121 46 79 132 91 77 154 113 116 88 85 150 139 169 139 36 117 63 57 132 146 115 51 151 105 91 215 18 191 51 134 61 137 86 68 60 38 107 158 121 118 117 92 121 80 56 59 146 54 73 121 144 111 89 76 
80 128 69 169 67 35 161 124 114 133 140 113 124 76 76 125 130 184 83 161 93 129 118 92 145 129 185 128 173 128 145 69 71 126 138 94 20 125 148 132 96 139 111 114 62 86 140 123 63 126 183 94 134 105 130 88 184 111 96 117 134 55 140 86 82 140 71 62 87 56 123 105 162 108 121 75 68 162 47 183 124 220 88 176 80 104 29 0 113 112 75 108 161 120 106 157 108 145 117 114 142 131 160 130 65 109 92 59 124 137 144 80 142 132 114 244 35 182 41 125 51 145 114 97 73 9 108 149 123 147 146 84 113 71 85 88 175 83 64 113 173 102 79 94 
54 55 125 225 122 79 187 180 172 189 140 169 140 39 108 180 110 239 138 105 45 184 173 100 200 184 173 182 188 49 50 74 84 181 193 35 94 180 157 172 74 193 95 128 96 96 148 57 146 180 237 28 165 119 78 90 196 28 118 23 186 64 192 51 124 144 43 101 143 59 111 107 171 158 121 54 113 118 66 176 87 139 49 169 52 12 84 113 0 163 78 77 149 16 16 196 156 94 110 34 192 181 211 181 48 160 51 102 175 188 106 39 193 144 132 137 78 233 113 176 109 179 124 31 104 122 149 200 163 103 63 134 164 125 92 67 65 43 117 163 145 153 151 119 
114 113 43 56 46 128 90 12 82 28 71 53 55 130 59 13 62 72 29 93 122 17 14 69 48 52 115 55 101 118 120 93 84 41 27 132 93 13 77 60 92 28 73 46 72 70 71 110 102 15 71 137 62 48 90 74 111 137 48 143 22 104 37 112 41 71 161 65 68 158 57 59 92 36 54 111 50 97 146 112 80 152 114 105 112 151 121 112 163 0 86 89 93 149 147 83 37 80 57 131 61 54 48 28 134 32 113 64 38 44 79 126 30 63 46 176 137 70 72 60 62 72 46 132 61 116 37 37 51 82 106 29 28 42 71 97 111 121 48 37 105 32 106 46 
26 53 44 144 41 40 107 99 92 108 65 89 59 42 28 100 55 159 58 86 34 104 93 20 120 104 110 102 108 53 71 6 4 101 113 44 55 100 78 92 21 114 36 49 16 16 69 48 107 100 157 50 86 40 55 13 118 52 40 58 108 20 114 27 47 67 76 23 75 73 49 31 94 81 47 25 36 88 61 109 50 146 29 102 27 66 46 75 78 86 0 33 87 64 62 119 79 71 43 46 115 104 134 104 49 83 28 24 98 111 70 41 116 67 55 170 51 156 74 99 64 102 47 47 27 84 72 123 86 73 71 57 87 47 15 13 101 36 40 86 99 76 112 42 
29 24 48 146 45 74 108 102 123 110 60 94 60 41 33 103 32 162 61 53 33 107 96 21 122 107 95 103 109 30 38 39 37 103 116 43 88 103 78 93 12 117 16 50 47 22 69 22 140 104 161 49 88 41 22 20 119 50 41 56 111 53 117 26 49 67 75 47 107 72 34 30 94 82 44 34 42 57 63 99 17 115 28 92 29 65 79 108 77 89 33 0 73 63 61 120 80 39 33 44 116 105 137 105 48 84 27 50 99 115 39 40 119 68 56 139 74 159 107 104 97 103 48 46 35 117 73 125 87 42 38 60 88 60 23 20 68 35 48 87 69 80 145 43 
97 96 101 132 99 130 36 100 176 66 23 147 40 113 88 102 41 138 94 46 107 106 79 71 51 144 22 39 37 102 102 95 92 52 72 116 144 100 16 33 77 76 57 49 101 76 24 94 194 82 105 122 32 58 73 75 48 122 67 128 110 108 57 98 82 23 147 101 160 144 39 56 23 57 41 98 95 32 132 27 63 60 100 20 98 137 132 161 149 93 87 73 0 135 133 50 57 56 44 116 47 39 112 65 120 60 99 103 55 136 44 112 104 31 49 84 130 121 160 152 150 33 49 118 88 170 57 89 42 47 89 84 64 113 76 84 91 107 101 55 12 124 198 69 
41 39 109 209 106 86 171 164 157 173 124 154 124 44 92 164 95 223 122 89 30 168 157 84 184 168 158 166 172 33 34 59 69 165 177 27 101 164 142 156 59 178 79 113 81 81 132 41 153 165 222 26 150 104 62 76 182 13 104 7 172 66 178 37 110 130 51 87 129 67 97 93 157 144 107 46 99 103 73 162 72 123 35 155 41 17 91 120 16 149 64 63 135 0 14 182 142 79 96 19 178 167 197 167 55 146 37 88 161 174 91 40 179 130 118 129 85 219 120 162 110 165 110 23 90 129 135 186 149 88 47 120 150 111 78 53 57 38 103 149 130 139 158 105 
37 38 108 208 105 72 170 163 155 172 123 152 123 30 91 163 93 222 121 88 28 167 156 83 183 167 156 165 171 32 39 57 67 164 176 18 87 163 140 155 57 176 78 111 79 79 131 40 139 163 220 12 149 103 61 74 180 12 102 12 170 52 176 35 108 128 37 85 127 53 95 91 155 142 105 38 97 102 59 160 71 123 33 153 36 4 77 106 16 147 62 61 133 14 0 180 140 78 94 18 176 165 195 165 41 144 35 86 159 172 90 26 177 128 116 142 71 217 106 160 96 163 108 15 88 115 133 184 147 87 47 118 148 109 76 51 70 27 101 147 129 137 144 103 
147 146 92 123 90 162 14 91 167 56 61 137 62 163 93 92 90 128 85 96 156 96 70 101 37 135 31 29 17 152 152 127 118 42 62 165 137 90 43 29 126 66 105 72 106 104 52 143 184 72 95 171 33 80 121 107 28 170 80 176 100 137 47 145 75 54 194 99 150 191 86 90 27 49 77 144 89 81 179 30 111 69 147 30 145 184 154 157 196 83 119 120 50 182 180 0 49 105 87 164 23 29 102 55 167 52 146 98 45 126 93 159 94 53 64 93 170 111 152 142 142 17 72 165 95 165 49 79 34 96 137 76 55 106 104 130 140 154 95 47 54 114 188 78 
106 105 43 76 42 120 54 43 119 28 35 90 21 122 52 45 50 81 36 57 115 49 23 60 39 88 79 22 66 111 112 86 77 21 34 125 88 44 42 24 85 35 65 31 65 63 34 102 138 26 80 130 26 40 81 67 76 130 40 136 54 97 35 105 32 35 154 57 104 151 46 50 57 2 37 104 43 61 139 77 71 117 107 70 105 144 113 108 156 37 79 80 57 142 140 49 0 65 47 124 36 25 57 25 127 4 106 56 19 80 53 119 48 27 23 141 130 79 105 96 95 37 32 125 53 117 6 45 15 56 97 27 8 58 64 90 100 114 47 7 69 68 142 37 
68 41 84 130 83 113 91 86 161 94 44 132 44 72 71 88 18 146 78 14 55 92 80 55 105 131 78 87 92 46 46 79 76 87 100 61 128 87 62 76 51 101 36 34 85 60 53 38 178 88 145 67 72 42 17 59 103 66 51 72 97 92 101 62 66 51 93 85 145 94 23 40 78 67 28 73 79 24 101 83 22 76 59 76 67 82 116 145 94 80 71 39 56 79 78 105 65 0 28 60 101 90 122 90 83 69 55 87 84 123 12 68 104 53 41 100 112 144 144 138 134 88 34 64 72 154 58 110 72 9 33 68 73 97 60 59 36 65 85 72 51 110 182 53 
58 57 55 113 54 84 74 69 132 77 27 103 27 74 42 70 10 129 49 41 67 74 63 26 88 102 66 70 75 63 63 49 47 70 83 77 98 70 45 59 38 84 17 16 56 31 36 55 149 70 127 83 54 14 34 30 86 83 23 89 79 63 83 59 38 34 108 56 116 105 5 12 61 49 11 58 51 45 93 66 24 103 61 59 59 98 88 117 110 57 43 33 44 96 94 87 47 28 0 77 83 72 104 72 81 51 60 59 66 95 27 73 86 35 23 127 86 126 116 110 106 70 15 79 44 126 40 92 54 30 50 40 55 69 32 44 59 68 57 54 56 82 154 25 
35 20 89 189 86 81 152 144 138 153 105 134 105 39 73 145 75 204 103 70 22 149 138 65 165 149 138 147 153 14 31 47 50 146 158 21 96 145 122 137 40 159 60 93 62 62 113 22 148 146 203 20 131 85 43 57 163 6 85 12 153 60 159 29 92 111 46 69 115 61 78 74 138 126 88 40 81 84 67 143 53 109 26 136 34 22 85 114 34 131 46 44 116 19 18 164 124 60 77 0 160 149 179 149 49 128 22 70 143 156 72 34 161 112 100 133 79 201 113 144 103 147 92 17 72 123 117 168 131 69 32 102 132 93 60 34 62 32 85 131 111 121 151 87 
144 143 73 100 76 158 28 68 144 34 58 115 58 160 89 70 87 106 63 93 152 74 47 97 14 112 53 14 40 147 148 122 113 20 40 161 123 68 40 25 121 44 101 67 101 99 48 138 162 50 73 166 29 76 117 103 51 166 76 172 78 133 25 141 69 50 190 94 128 187 82 86 32 34 73 140 79 77 175 52 107 92 143 45 141 180 150 142 192 61 115 116 47 178 176 23 36 101 83 160 0 11 80 33 163 33 142 92 23 104 89 155 72 48 59 116 166 89 130 120 120 14 68 161 89 147 42 57 29 92 133 59 33 84 100 126 136 150 78 29 52 92 166 73 
132 131 63 93 64 146 35 61 137 27 46 108 46 148 77 63 75 99 56 81 140 67 40 85 14 105 60 3 46 136 137 111 102 13 33 150 112 61 29 14 110 37 90 56 90 88 37 127 155 43 66 155 18 65 106 92 57 155 65 161 71 122 18 130 58 39 179 83 121 176 71 75 39 23 62 129 68 66 164 59 96 98 132 52 130 169 139 131 181 54 104 105 39 167 165 29 25 90 72 149 11 0 73 26 152 23 131 81 16 97 78 144 65 37 48 122 155 82 123 113 113 19 57 150 78 137 31 50 18 81 122 47 26 77 89 115 125 139 67 18 51 85 159 62 
163 162 91 20 94 177 107 36 64 46 90 50 79 179 107 35 107 25 77 115 170 31 42 117 66 34 132 73 119 166 169 141 132 60 40 180 141 35 96 79 140 36 122 88 120 118 89 158 100 34 23 185 81 96 138 122 130 185 97 191 27 152 55 160 89 90 209 113 75 206 103 107 111 56 94 159 98 116 194 131 128 171 162 124 160 199 169 160 211 48 134 137 112 197 195 102 57 122 104 179 80 73 0 47 182 52 161 112 57 26 110 174 18 82 80 195 185 22 119 42 110 91 89 180 109 164 63 23 70 113 154 77 48 89 119 145 157 169 96 57 124 58 88 94 
132 131 61 67 64 146 60 34 110 2 48 81 47 148 77 36 76 72 47 83 140 40 14 86 20 79 85 26 72 136 138 111 102 13 8 150 111 35 49 32 110 11 91 57 90 88 42 128 129 17 54 155 34 66 107 92 83 155 66 161 45 122 10 130 58 43 179 83 95 176 72 76 64 23 62 129 68 69 164 84 96 124 132 77 130 169 139 130 181 28 104 105 65 167 165 55 25 90 72 149 33 26 47 0 152 20 131 81 10 71 78 144 39 39 48 148 155 56 97 87 87 44 57 150 78 134 31 24 23 81 122 46 16 60 89 115 125 139 66 18 77 59 133 62 
23 63 93 193 90 31 155 148 141 157 108 138 108 11 76 148 79 207 106 98 28 152 141 68 168 152 142 150 156 63 80 43 53 149 161 29 46 148 126 140 43 162 64 97 65 65 117 59 98 149 206 29 135 89 66 60 166 46 88 52 156 32 162 22 95 115 29 72 113 24 82 78 142 129 92 24 84 102 18 147 62 158 24 140 22 39 36 65 48 134 49 48 120 55 41 167 127 83 81 49 163 152 182 152 0 131 28 73 146 159 84 15 164 115 103 182 30 204 68 147 77 150 95 32 75 74 120 171 134 87 81 105 135 96 63 37 110 18 88 134 117 124 106 90 
110 109 40 72 43 124 57 39 115 23 38 86 25 126 56 41 54 77 33 61 119 45 18 64 35 83 82 23 69 115 116 90 81 17 29 129 90 39 45 27 89 30 69 35 69 67 37 106 133 21 75 134 29 44 85 71 79 134 44 140 49 101 31 109 36 38 158 61 99 155 50 54 60 3 41 108 47 64 143 80 75 120 111 73 109 148 117 109 160 32 83 84 60 146 144 52 4 69 51 128 33 23 52 20 131 0 110 60 14 75 57 123 43 30 27 144 134 74 101 91 91 40 36 129 57 114 10 40 18 60 101 26 4 55 68 94 104 118 45 5 72 63 137 41 
12 35 72 172 69 58 134 127 120 136 87 117 87 17 55 127 58 186 85 69 7 131 120 47 147 131 121 129 135 35 53 25 32 128 140 17 73 127 105 119 22 141 43 76 44 44 96 31 125 128 185 23 114 68 38 39 145 24 67 30 135 37 141 6 74 94 49 51 93 45 61 57 121 108 71 17 63 74 45 126 36 131 4 119 12 39 63 92 51 113 28 27 99 37 35 146 106 55 60 22 142 131 161 131 28 110 0 52 124 138 57 13 143 94 82 155 57 183 91 126 81 129 74 20 54 101 99 150 113 59 54 84 114 75 42 16 84 10 67 113 95 103 129 69 
50 69 21 121 18 64 102 76 73 85 82 65 65 66 17 77 72 136 35 103 58 81 70 33 96 81 126 79 114 70 87 30 20 78 90 68 39 77 89 73 38 91 52 55 8 28 81 65 91 78 135 74 75 46 72 30 125 76 37 82 86 41 92 51 24 81 100 3 58 97 65 47 103 59 63 49 14 104 85 124 66 162 53 117 51 90 57 59 102 64 24 50 103 88 86 98 56 87 59 70 92 81 112 81 73 60 52 0 74 89 86 65 94 73 55 186 75 134 57 77 47 86 55 71 14 68 50 100 64 89 88 35 64 23 26 36 118 60 16 63 115 54 95 35 
125 124 55 77 58 139 50 44 120 11 41 91 40 141 71 46 69 82 41 76 134 50 24 79 21 89 75 16 62 130 131 105 96 3 17 144 105 45 39 22 104 21 84 50 84 82 32 121 139 27 61 149 24 59 100 86 73 149 59 155 55 116 17 124 51 34 173 76 105 170 65 69 54 17 56 123 62 61 158 74 90 114 126 67 124 163 132 124 175 38 98 99 55 161 159 45 19 84 66 143 23 16 57 10 146 14 124 74 0 81 71 137 49 32 41 138 148 66 107 97 97 34 50 143 71 128 24 34 13 74 115 40 10 61 82 108 118 132 59 12 67 69 143 55 
140 139 68 31 71 154 133 37 38 71 115 25 98 156 84 35 106 47 55 137 147 31 57 94 91 8 158 98 144 143 146 118 109 84 65 157 118 36 120 103 117 61 100 89 97 95 114 135 75 54 47 162 105 81 117 99 154 162 74 168 26 129 80 137 67 114 186 90 50 183 100 85 135 79 97 136 75 140 171 155 106 195 139 148 137 176 146 137 188 44 111 115 136 174 172 126 80 123 95 156 104 97 26 71 159 75 138 89 81 0 122 151 34 105 89 219 162 45 96 16 86 115 90 157 86 140 80 49 93 125 132 55 71 66 96 122 154 146 73 80 147 35 62 72 
68 53 84 119 82 113 79 85 160 81 32 132 32 73 71 87 17 134 77 14 63 91 68 55 93 130 66 75 80 58 58 78 76 75 87 73 127 86 50 64 51 88 36 33 85 60 41 50 178 76 133 79 60 42 29 59 91 78 51 84 96 92 89 62 66 39 105 85 145 102 22 39 66 55 25 73 78 18 101 71 22 76 60 63 68 94 115 144 106 79 70 39 44 91 90 93 53 12 27 72 89 78 110 78 84 57 57 86 71 122 0 70 93 41 34 100 113 131 143 137 133 76 33 76 71 153 47 97 60 3 45 67 61 96 59 59 48 66 84 60 39 109 181 52 
15 47 85 185 82 46 147 140 133 149 100 130 100 4 68 140 71 199 98 82 13 144 133 60 160 144 134 142 148 47 65 35 45 141 153 14 61 140 118 132 35 154 56 89 57 57 109 43 113 141 198 14 127 81 51 52 158 31 80 37 148 26 154 14 87 107 37 64 106 32 74 70 134 121 84 16 76 87 33 139 49 143 12 132 14 27 51 80 39 126 41 40 112 40 26 159 119 68 73 34 155 144 174 144 15 123 13 65 137 151 70 0 156 107 95 167 45 196 80 139 70 142 87 17 67 89 112 163 126 72 66 97 127 88 55 29 95 5 80 126 108 116 118 82 
145 144 73 28 76 159 99 18 72 38 82 44 66 161 89 17 89 43 59 105 152 13 25 99 58 42 124 65 111 148 151 123 114 52 32 162 123 17 88 71 122 28 104 70 102 100 81 140 91 22 41 167 73 78 120 104 122 167 79 173 9 134 47 142 71 82 191 95 58 188 85 89 103 47 76 141 80 108 176 123 110 163 144 116 142 181 151 142 193 30 116 119 104 179 177 94 48 104 86 161 72 65 18 39 164 43 143 94 49 34 93 156 0 73 63 187 167 40 101 50 92 83 71 162 91 146 48 15 61 96 136 59 39 71 101 127 139 151 78 48 115 40 96 76 
94 93 70 102 68 108 39 70 146 41 9 117 9 110 57 72 37 107 63 44 103 76 49 48 52 114 52 34 40 99 99 74 64 34 47 112 114 70 15 24 73 49 53 19 71 51 7 90 164 52 93 118 20 28 69 55 51 118 36 124 80 85 48 93 51 8 142 70 130 139 34 38 30 27 25 92 65 34 127 51 59 91 95 44 93 132 105 132 144 63 67 68 31 130 128 53 27 53 35 112 48 37 82 39 115 30 94 73 32 105 41 107 73 0 18 115 118 93 130 121 120 36 20 113 59 141 27 60 19 44 85 54 34 83 52 78 88 102 72 25 43 93 167 38 
82 81 51 90 49 96 51 52 127 52 26 98 9 98 38 54 25 105 44 48 91 58 39 36 63 97 70 46 58 87 87 62 52 45 58 100 95 53 33 35 61 59 41 7 52 39 25 78 145 47 104 106 31 16 57 43 69 106 18 112 63 73 59 81 33 26 130 52 112 127 22 26 48 26 13 80 47 52 115 69 47 109 83 62 81 120 91 114 132 46 55 56 49 118 116 64 23 41 23 100 59 48 80 48 103 27 82 55 41 89 34 95 63 18 0 133 106 101 112 105 102 47 8 101 41 123 17 67 31 37 73 36 31 65 40 66 76 90 54 30 61 77 150 20 
169 120 185 217 183 214 88 185 261 150 107 231 124 172 172 186 117 222 178 86 155 190 164 155 130 229 63 122 76 120 103 179 176 135 155 154 228 183 100 117 151 159 136 133 185 160 108 124 277 165 188 153 115 142 117 159 79 136 151 130 193 192 140 162 166 107 178 185 243 194 122 139 85 141 125 173 178 82 200 64 122 24 159 71 167 145 215 244 137 176 170 139 84 129 142 93 141 100 127 133 116 122 195 148 182 144 155 186 138 219 100 167 187 115 133 0 212 204 243 235 233 104 133 150 171 253 141 172 126 97 101 167 148 196 159 159 72 165 184 139 72 207 281 152 
45 93 95 195 92 11 159 150 142 159 112 140 110 41 79 151 96 210 109 127 58 155 144 71 171 155 152 153 159 93 110 45 55 152 164 59 46 151 129 143 62 165 78 100 67 67 120 89 91 151 208 59 137 91 96 63 169 76 91 82 159 34 165 51 98 118 35 74 115 23 91 81 145 132 96 40 87 131 12 152 91 188 53 145 45 69 18 35 78 137 51 74 130 85 71 170 130 112 86 79 166 155 185 155 30 134 57 75 148 162 113 45 167 118 106 212 0 207 69 150 79 153 98 62 78 44 123 173 137 116 111 108 137 98 66 54 140 48 91 136 142 127 107 93 
185 184 113 14 116 199 116 58 70 55 101 70 100 201 129 57 129 16 99 136 192 53 64 139 75 53 141 82 128 188 191 163 154 69 49 202 163 57 105 88 162 45 144 110 142 140 98 180 120 56 18 207 90 118 160 144 139 207 119 213 49 174 64 182 111 99 231 135 95 228 125 129 120 77 116 181 120 125 216 140 150 180 184 133 182 221 191 182 233 70 156 159 121 219 217 111 79 144 126 201 89 82 22 56 204 74 183 134 66 45 131 196 40 93 101 204 207 0 141 58 131 100 109 202 131 185 84 33 79 134 174 99 69 111 141 167 177 191 118 71 133 80 104 115 
79 127 62 127 64 58 158 84 72 97 139 71 122 76 74 84 129 143 69 160 92 88 83 90 117 88 183 124 170 127 144 68 70 110 99 94 23 85 146 129 95 100 109 112 60 85 138 122 33 87 143 94 131 103 129 87 180 111 94 117 93 54 106 85 80 138 96 61 46 92 122 104 160 105 120 74 66 161 79 181 123 219 87 174 79 104 51 41 113 72 74 107 160 120 106 152 105 144 116 113 130 123 119 97 68 101 91 57 107 96 143 80 101 130 112 243 69 141 0 84 10 141 112 97 71 45 106 108 119 146 145 78 97 47 83 87 175 83 58 106 172 61 38 92 
127 126 56 44 59 141 149 53 22 87 131 13 114 143 72 51 122 60 61 153 135 47 73 85 107 8 174 114 160 131 140 106 97 100 81 145 106 52 136 119 105 77 103 105 85 83 130 123 63 70 60 150 121 96 123 87 170 150 87 156 42 117 96 125 72 130 174 78 38 171 115 98 151 95 113 124 63 155 159 171 117 211 127 164 125 164 134 125 176 60 99 104 152 162 160 142 96 138 110 144 120 113 42 87 147 91 126 77 97 16 137 139 50 121 105 235 150 58 84 0 74 131 105 145 74 128 96 65 109 140 139 70 87 55 84 110 169 134 61 96 163 28 46 85 
69 116 52 117 53 68 148 74 63 87 129 61 112 70 64 75 119 133 59 150 82 79 73 80 107 78 173 114 160 117 134 58 60 100 89 84 33 75 136 119 85 90 99 102 50 75 128 112 43 77 133 84 121 93 119 77 170 101 84 107 84 45 96 75 69 128 106 50 36 101 112 94 150 95 110 64 55 151 89 171 113 209 77 164 69 97 61 51 109 62 64 97 150 110 96 142 95 134 106 103 120 113 110 87 77 91 81 47 97 86 133 70 92 120 102 233 79 131 10 74 0 131 102 87 61 54 95 99 109 136 135 68 87 37 73 77 165 73 48 96 162 52 48 82 
130 129 81 112 79 144 16 79 155 45 44 126 45 146 76 81 73 117 74 79 139 85 59 84 26 124 41 18 28 135 135 110 100 31 51 148 126 79 26 13 109 55 88 54 89 86 35 125 173 61 84 153 16 63 104 90 39 153 63 159 89 120 36 128 63 37 177 84 139 174 69 73 20 37 60 127 77 64 162 40 94 80 130 33 128 167 137 145 179 72 102 103 33 165 163 17 37 88 70 147 14 19 91 44 150 40 129 86 34 115 76 142 83 36 47 104 153 100 141 131 131 0 55 148 78 154 37 68 22 79 120 64 44 95 87 113 123 137 84 35 38 103 177 61 
73 72 51 97 49 88 59 53 127 61 26 99 11 89 38 55 17 113 44 47 82 59 47 28 72 97 71 54 60 78 78 53 44 54 67 92 95 54 34 44 53 68 32 1 52 31 26 70 145 55 112 98 39 9 49 35 71 98 18 104 64 65 68 73 33 26 122 52 112 119 14 18 49 34 8 72 47 51 107 70 39 109 75 63 73 112 86 114 124 46 47 48 49 110 108 72 32 34 15 92 68 57 89 57 95 36 74 55 50 90 33 87 71 20 8 133 98 109 112 105 102 55 0 93 41 123 25 75 39 36 65 35 39 65 32 58 68 82 54 38 61 77 150 20 
22 30 92 192 89 63 154 147 140 156 107 137 107 21 75 147 78 206 105 74 13 151 140 67 167 151 141 149 155 30 47 42 52 148 160 4 78 147 125 139 42 161 63 96 64 64 116 26 130 148 205 3 134 88 47 59 165 14 87 20 155 43 161 20 93 113 29 70 112 44 80 76 140 127 90 23 82 88 50 145 56 126 18 138 21 19 68 97 31 132 47 46 118 23 15 165 125 64 79 17 161 150 180 150 32 129 20 71 143 157 76 17 162 113 101 150 62 202 97 145 87 148 93 0 73 106 118 168 132 73 49 103 132 94 61 36 78 15 86 131 115 122 135 88 
52 56 18 118 15 67 88 73 86 82 67 62 50 68 3 74 57 133 32 88 61 78 67 19 94 78 111 76 99 59 74 33 23 75 87 71 53 74 74 66 33 88 38 41 11 13 66 51 104 75 132 77 62 32 57 15 110 78 23 84 83 44 89 53 21 67 102 11 71 99 50 32 89 56 48 52 11 89 87 110 51 147 55 103 53 92 60 73 104 61 27 35 88 90 88 95 53 72 44 72 89 78 109 78 75 57 54 14 71 86 71 67 91 59 41 171 78 131 71 74 61 78 41 73 0 82 47 97 62 74 73 32 61 24 12 38 103 62 13 60 100 51 109 21 
89 137 74 171 75 44 170 128 117 137 149 115 133 85 85 129 139 187 88 170 102 133 123 101 149 132 194 136 182 137 154 78 80 131 143 103 29 129 157 141 105 144 120 123 71 95 149 132 66 131 187 103 143 114 139 97 193 120 105 126 138 64 145 95 91 149 80 71 90 65 132 114 171 117 130 84 77 171 56 192 133 229 97 185 89 113 38 9 122 116 84 117 170 129 115 165 117 154 126 123 147 137 164 134 74 114 101 68 128 140 153 89 146 141 123 253 44 185 45 128 54 154 123 106 82 0 117 153 132 156 155 90 118 75 94 97 184 92 70 119 182 106 83 103 
99 98 44 76 42 113 54 43 119 34 35 90 18 115 46 45 42 87 37 57 108 49 23 53 45 88 79 28 66 104 104 79 69 27 40 117 88 44 42 24 78 41 58 24 58 56 34 95 138 30 86 123 26 33 74 60 76 123 33 129 54 90 41 98 26 35 147 51 104 144 39 43 57 8 30 97 40 61 132 77 64 117 100 70 98 137 107 108 149 37 72 73 57 135 133 49 6 58 40 117 42 31 63 31 120 10 99 50 24 80 47 112 48 27 17 141 123 84 106 96 95 37 25 118 47 117 0 50 15 50 90 28 14 58 57 83 93 107 47 13 69 68 142 31 
151 150 80 43 83 165 84 25 87 23 68 59 66 167 96 24 95 48 66 102 159 20 31 105 43 57 109 50 96 155 157 130 121 37 17 169 130 24 73 56 129 13 110 76 109 107 66 147 106 23 35 174 58 85 126 111 107 174 85 180 23 141 32 149 77 67 198 102 73 195 91 95 88 43 82 148 87 93 183 108 116 148 151 101 149 188 158 149 200 37 123 125 89 186 184 79 45 110 92 168 57 50 23 24 171 40 150 100 34 49 97 163 15 60 67 172 173 33 108 65 99 68 75 168 97 153 50 0 47 100 140 66 36 78 107 133 143 157 85 38 101 47 111 81 
113 112 58 90 57 127 38 57 133 24 28 104 28 129 60 59 56 95 51 62 122 63 37 67 32 102 63 15 50 118 118 93 83 15 30 131 103 58 26 9 92 34 72 38 72 70 19 109 152 40 74 137 11 47 88 74 61 137 47 143 68 104 29 112 41 21 161 65 118 158 53 57 42 15 44 111 55 48 146 62 78 102 114 55 112 151 121 123 163 51 86 87 42 149 147 34 15 72 54 131 29 18 70 23 134 18 113 64 13 93 60 126 61 19 31 126 137 79 119 109 109 22 39 132 62 132 15 47 0 63 104 42 22 73 71 97 107 121 62 13 54 81 155 45 
71 50 87 122 85 116 82 88 163 84 35 135 35 76 74 90 20 137 80 11 60 94 71 58 95 133 69 78 83 55 55 81 79 77 90 70 130 89 53 67 54 91 39 36 88 63 44 47 181 79 136 76 63 45 26 62 94 75 54 81 99 95 91 65 69 42 102 88 148 99 25 42 69 58 28 76 81 15 104 74 25 73 63 66 71 91 118 147 103 82 73 42 47 88 87 96 56 9 30 69 92 81 113 81 87 60 59 89 74 125 3 72 96 44 37 97 116 134 146 140 136 79 36 73 74 156 50 100 63 0 42 70 64 98 62 62 45 69 87 63 42 112 183 55 
67 19 84 163 83 112 124 118 161 127 77 132 77 70 71 119 48 178 79 43 54 123 113 55 138 131 111 120 125 19 13 78 75 120 133 53 127 119 95 109 50 134 36 66 85 60 86 23 178 120 177 52 104 58 16 58 136 35 58 40 128 91 133 61 67 84 77 85 145 93 51 47 111 99 61 72 80 57 99 116 26 77 58 109 66 51 117 146 63 106 71 38 89 47 47 137 97 33 50 32 133 122 154 122 81 101 54 88 115 132 45 66 136 85 73 101 111 174 145 139 135 120 65 49 73 155 90 140 104 42 0 77 104 97 61 58 30 64 86 103 84 111 182 60 
85 84 16 85 17 99 81 41 92 49 61 63 45 101 30 42 51 101 9 82 93 46 35 40 61 62 106 47 93 89 91 64 55 43 55 103 65 42 69 51 63 56 45 35 43 41 61 81 111 43 100 108 53 26 62 45 103 108 19 114 51 75 57 83 12 61 132 36 78 129 45 30 84 28 43 82 21 85 117 104 51 143 85 97 83 122 92 84 134 29 57 60 84 120 118 76 27 68 40 102 59 47 77 46 105 26 84 35 40 55 67 97 59 54 36 167 108 99 78 70 68 64 35 103 32 90 28 66 42 70 77 0 30 31 42 68 99 92 20 29 96 42 116 17 
114 113 44 67 47 128 60 34 110 18 42 81 29 130 60 36 58 73 31 65 123 40 14 68 31 79 85 26 72 119 120 94 85 13 24 133 94 35 49 31 93 26 73 39 73 71 41 110 129 17 70 138 33 48 89 75 83 138 48 144 45 105 26 113 40 42 162 65 95 159 54 58 64 7 45 112 51 68 147 84 79 124 115 77 113 152 121 113 164 28 87 88 64 150 148 55 8 73 55 132 33 26 48 16 135 4 114 64 10 71 61 127 39 34 31 148 137 69 97 87 87 44 39 132 61 118 14 36 22 64 104 30 0 51 71 97 107 121 49 9 76 59 133 45 
73 81 15 98 16 87 111 54 62 62 92 42 75 89 28 54 82 114 22 113 81 58 48 44 75 58 136 77 123 81 99 53 43 64 68 91 53 55 99 82 54 69 63 65 31 38 91 76 80 56 113 97 84 56 82 40 134 99 47 105 63 64 70 74 32 91 123 24 47 120 75 57 113 58 73 72 18 114 108 134 76 172 76 127 74 113 80 71 125 42 47 60 113 111 109 106 58 97 69 93 84 77 89 60 96 55 75 23 61 66 96 88 71 83 65 196 98 111 47 55 37 95 65 94 24 75 58 78 73 98 97 31 51 0 36 59 127 83 11 60 124 31 85 45 
40 43 28 128 25 55 92 83 98 92 54 73 44 56 12 84 44 143 42 75 49 88 77 6 104 88 99 86 93 46 61 21 14 85 97 59 65 84 63 76 20 98 25 33 23 1 55 39 116 85 142 65 71 25 45 3 103 66 25 72 93 33 99 41 32 55 90 23 83 87 38 20 79 66 36 40 21 77 75 98 39 135 43 91 41 80 56 85 92 71 15 23 76 78 76 104 64 60 32 60 100 89 119 89 63 68 42 26 82 96 59 55 101 52 40 159 66 141 83 84 73 87 32 61 12 94 57 107 71 62 61 42 71 36 0 26 91 50 25 70 88 61 121 27 
14 39 55 155 52 53 118 110 104 119 71 100 70 30 39 111 43 170 69 74 23 115 104 31 131 115 106 113 119 40 57 19 17 112 124 33 68 111 89 103 8 125 27 60 28 27 80 35 120 111 168 39 97 51 42 23 129 40 51 46 119 33 125 16 58 78 65 35 88 61 45 41 105 92 55 14 47 78 49 110 37 135 18 103 15 55 59 88 67 97 13 20 84 53 51 130 90 59 44 34 126 115 145 115 37 94 16 36 108 122 59 29 127 78 66 159 54 167 87 110 77 113 58 36 38 97 83 133 97 62 58 68 97 59 26 0 88 24 51 96 89 87 125 53 
97 49 114 166 113 142 127 122 191 129 80 162 80 100 101 123 51 182 108 45 83 127 116 85 140 161 114 123 128 49 31 108 105 122 135 83 157 123 98 112 80 136 66 69 115 90 89 53 208 123 180 82 107 73 46 88 139 64 82 58 132 121 136 90 97 86 107 115 175 122 54 71 113 102 64 101 110 59 128 118 52 78 88 111 96 73 146 175 65 111 101 68 91 57 70 140 100 36 59 62 136 125 157 125 110 104 84 118 118 154 48 95 139 88 76 72 140 177 175 169 165 123 68 78 103 184 93 143 107 45 30 99 107 127 91 88 0 93 116 106 87 141 212 84 
10 45 80 180 77 49 142 135 128 144 95 125 95 7 63 135 66 194 93 79 10 139 128 55 155 139 129 137 143 45 62 30 40 136 148 11 64 135 113 127 30 149 51 84 52 52 104 41 116 136 193 15 122 76 48 47 153 29 75 35 143 29 149 9 82 102 41 59 101 37 69 65 129 116 79 11 71 84 36 134 45 141 7 127 9 31 54 83 43 121 36 35 107 38 27 154 114 65 68 32 150 139 169 139 18 118 10 60 132 146 66 5 151 102 90 165 48 191 83 134 73 137 82 15 62 92 107 157 121 69 64 92 121 83 50 24 93 0 75 120 104 111 121 77 
65 69 5 105 5 80 100 60 73 69 80 49 63 81 16 61 70 120 19 101 74 65 54 32 81 65 124 66 112 72 87 46 36 62 74 84 45 61 87 71 46 75 51 54 24 26 79 64 91 62 119 90 73 45 70 28 123 91 36 97 70 57 76 66 21 80 115 17 58 112 63 45 102 47 61 65 7 102 100 123 64 160 68 116 66 105 73 64 117 48 40 48 101 103 101 95 47 85 57 85 78 67 96 66 88 45 67 16 59 73 84 80 78 72 54 184 91 118 58 61 48 84 54 86 13 70 47 85 62 87 86 20 49 11 25 51 116 75 0 49 113 38 96 34 
113 112 45 76 46 127 51 43 119 20 33 90 28 129 59 45 56 82 38 64 122 49 23 67 32 88 76 18 63 118 118 93 83 14 26 131 94 44 39 22 92 28 72 38 72 70 32 109 138 26 72 137 24 47 88 74 74 137 47 143 54 104 28 112 40 33 161 65 104 158 53 57 55 5 44 111 50 59 146 75 78 115 114 68 112 151 121 113 163 37 86 87 55 149 147 47 7 72 54 131 29 18 57 18 134 5 113 63 12 80 60 126 48 25 30 139 136 71 106 96 96 35 38 131 60 119 13 38 13 63 103 29 9 60 70 96 106 120 49 0 67 68 142 44 
98 92 112 144 111 141 41 112 188 78 35 159 52 110 99 114 46 150 106 42 102 118 91 83 59 156 27 51 41 97 97 106 104 64 84 112 155 112 28 45 81 88 65 61 113 88 36 89 206 94 117 118 44 70 68 87 52 117 79 123 122 120 69 95 94 35 144 113 172 141 51 68 28 69 53 103 107 28 131 31 59 48 97 24 98 133 144 173 145 105 99 69 12 130 129 54 69 51 56 111 52 51 124 77 117 72 95 115 67 147 39 108 115 43 61 72 142 133 172 163 162 38 61 115 100 182 69 101 54 42 84 96 76 124 88 89 87 104 113 67 0 135 209 81 
104 103 33 66 36 118 122 25 50 59 103 21 86 120 49 23 93 82 33 124 112 27 45 59 79 27 146 86 132 108 112 83 74 72 53 122 83 24 108 91 82 49 76 77 62 60 102 100 69 42 82 127 93 68 95 64 142 127 59 133 32 94 68 102 44 102 151 55 36 148 87 70 123 67 85 101 40 127 136 143 89 183 104 136 102 141 111 102 153 32 76 80 124 139 137 114 68 110 82 121 92 85 58 59 124 63 103 54 69 35 109 116 40 93 77 207 127 80 61 28 52 103 77 122 51 106 68 47 81 112 111 42 59 31 61 87 141 111 38 68 135 0 74 57 
117 164 100 90 101 96 195 99 34 133 177 53 160 114 112 97 167 106 107 198 130 93 119 128 153 54 220 160 206 165 182 106 108 146 127 132 61 98 182 165 133 123 147 150 98 123 176 160 17 116 106 132 167 141 167 125 216 149 132 155 88 92 142 123 117 176 134 98 38 130 160 142 197 141 158 112 103 199 117 217 161 257 125 210 117 142 89 79 151 106 112 145 198 158 144 188 142 182 154 151 166 159 88 133 106 137 129 95 143 62 181 118 96 167 150 281 107 104 38 46 48 177 150 135 109 83 142 111 155 183 182 116 133 85 121 125 212 121 96 142 209 74 0 130 
68 67 31 102 29 82 67 58 107 65 46 78 29 84 18 59 36 118 24 67 77 63 52 22 76 77 90 59 78 73 73 48 39 58 71 87 74 59 53 49 47 72 27 20 32 26 45 65 125 60 117 92 45 11 44 30 89 93 2 99 68 60 72 68 13 46 117 32 92 114 30 13 68 39 28 67 27 70 102 89 34 128 70 82 68 107 76 94 119 46 42 43 69 105 103 78 37 53 25 87 73 62 94 62 90 41 69 35 55 72 52 82 76 38 20 152 93 115 92 85 82 61 20 88 21 103 31 81 45 55 60 17 45 45 27 53 84 77 34 44 81 57 130 0 
